data/SBE37-1777-1000m.asc
* Sea-Bird SBE37 Data File:
* FileName = I:\science\SOTS\SAZ-20_Data\SBE37-1777-1000m\SBE37-1777-1000m.asc
* Software Version 1.59
* Temperature SN = 1777
* Conductivity SN = 1777
* System UpLoad Time = Mar 24 2019 23:34:24
** SAZ20-2018
** 1000m
** 
*END*
[from data line 7429]
  6.5074, 3.46894,  805.527
  6.4920, 3.46651,  805.652
  6.5184, 3.46853,  805.902
  6.5351, 3.47058,  806.216
  6.5278, 3.47051,  806.466
  6.5268, 3.47062,  806.717
  6.5479, 3.47137,  807.030
  6.5745, 3.47449,  807.343
  6.5692, 3.47541,  807.594
  6.5625, 3.47267,  807.719
  6.5960, 3.47656,  807.844
  6.5779, 3.47582,  807.719
  6.5732, 3.47500,  807.281
  6.5421, 3.47172,  806.717
  6.5358, 3.47095,  806.028
  6.5326, 3.47075,  805.401
  6.5122, 3.46926,  804.775
  6.4218, 3.46087,  804.148
  6.4249, 3.45988,  803.522
  6.4440, 3.46298,  803.146
  6.4764, 3.46494,  802.833
  6.5448, 3.47149,  802.708
  6.5747, 3.47466,  802.708
  6.5632, 3.47393,  802.833
  6.5600, 3.47301,  802.896
  6.5536, 3.47286,  802.896
  6.5624, 3.47304,  802.958
  6.5244, 3.47012,  803.083
  6.5287, 3.46986,  803.334
  6.5219, 3.46999,  803.710
  6.4771, 3.46534,  804.086
  6.4604, 3.46418,  804.399
  6.4403, 3.46205,  804.650
  6.4828, 3.46435,  804.900
  6.5432, 3.47144,  805.151
  6.5062, 3.46926,  805.213
  6.4641, 3.46483,  805.088
  6.4930, 3.46265,  804.838
  6.5370, 3.47073,  804.524
  6.5313, 3.47041,  804.023
  6.4670, 3.46478,  803.710
  6.4977, 3.46685,  803.710
  6.4650, 3.46521,  803.773
  6.5088, 3.46798,  803.835
  6.5278, 3.46973,  803.898
  6.5047, 3.46863,  803.773
  6.4541, 3.46296,  803.585
  6.5027, 3.46658,  803.522
  6.5387, 3.47113,  803.585
  6.5550, 3.47228,  803.647
  6.5614, 3.47337,  803.773
  6.5107, 3.46886,  803.960
  6.4749, 3.46491,  803.960
  6.4700, 3.46457,  803.835
  6.4882, 3.46641,  803.773
  6.4880, 3.46641,  803.459
  6.5346, 3.47013,  803.209
  6.5824, 3.47507,  802.958
  6.5799, 3.47563,  802.833
  6.5611, 3.47396,  802.645
  6.5221, 3.47009,  802.457
  6.5019, 3.46797,  802.332
  6.5084, 3.46830,  802.081
  6.4620, 3.46429,  801.768
  6.4498, 3.46290,  801.455
  6.4681, 3.46360,  801.141
  6.4725, 3.46467,  800.954
  6.4818, 3.46542,  800.954
  6.5266, 3.46977,  801.204
  6.5204, 3.46902,  801.455
  6.5345, 3.47091,  801.831
  6.5338, 3.47097,  802.144
  6.4992, 3.46808,  802.520
  6.4376, 3.46142,  802.958
  6.4214, 3.46018,  803.271
  6.4287, 3.46086,  803.585
  6.4323, 3.46123,  803.773
  6.3741, 3.45629,  803.835
  6.3430, 3.45309,  803.898
  6.3579, 3.45389,  804.023
  6.3778, 3.45567,  804.148
  6.3981, 3.45778,  804.148
  6.3910, 3.45744,  804.211
  6.3882, 3.45636,  804.274
  6.4515, 3.46303,  804.587
  6.4592, 3.46399,  805.026
  6.4178, 3.46075,  805.464
  6.3632, 3.45464,  805.589
  6.3745, 3.45546,  805.589
  6.3637, 3.45505,  805.527
  6.3350, 3.45264,  805.213
  6.3268, 3.45114,  805.026
  6.4049, 3.45774,  804.900
  6.4164, 3.45963,  804.650
  6.4113, 3.45916,  804.462
  6.4089, 3.45900,  804.462
  6.4322, 3.46059,  804.587
  6.4988, 3.46638,  804.900
  6.5396, 3.47059,  805.276
  6.5478, 3.47245,  806.028
  6.5503, 3.47332,  806.905
  6.5514, 3.47265,  807.782
  6.5940, 3.47664,  808.784
  6.6075, 3.47836,  809.473
  6.6198, 3.47854,  809.974
  6.5922, 3.47738,  810.162
  6.5527, 3.47349,  810.100
  6.5488, 3.47270,  809.786
  6.4895, 3.46713,  809.097
  6.4568, 3.46387,  808.032
  6.4324, 3.46130,  806.717
  6.4327, 3.46122,  805.339
  6.4365, 3.46157,  804.274
  6.4499, 3.46230,  803.271
  6.4900, 3.46592,  802.394
  6.4828, 3.46640,  801.643
  6.4435, 3.46196,  801.079
  6.5121, 3.46740,  800.640
  6.5744, 3.47351,  800.390
  6.5597, 3.47317,  800.202
  6.5144, 3.46882,  800.077
  6.5232, 3.46922,  799.826
  6.5101, 3.46860,  799.575
  6.4788, 3.46557,  799.325
  6.4572, 3.46375,  799.200
  6.4472, 3.46147,  799.137
  6.4578, 3.46256,  799.200
  6.5197, 3.46849,  799.262
  6.5556, 3.47261,  799.388
  6.5452, 3.47184,  799.513
  6.5509, 3.47218,  799.701
  6.5683, 3.47376,  799.826
  6.5403, 3.47145,  799.951
  6.5079, 3.46854,  800.077
  6.5357, 3.47081,  800.139
  6.5624, 3.47339,  800.139
  6.5584, 3.47304,  800.077
  6.5032, 3.46903,  799.889
  6.4161, 3.45925,  799.638
  6.4193, 3.45906,  799.388
  6.4392, 3.46096,  799.388
  6.5206, 3.46812,  799.450
  6.5211, 3.46989,  799.638
  6.4620, 3.46422,  799.889
  6.4685, 3.46395,  800.202
  6.4766, 3.46561,  800.452
  6.4589, 3.46312,  800.703
  6.4751, 3.46456,  801.079
  6.4960, 3.46670,  801.643
  6.4983, 3.46715,  802.144
  6.4937, 3.46654,  802.708
  6.5022, 3.46711,  803.146
  6.4876, 3.46624,  803.397
  6.4663, 3.46445,  803.397
  6.4554, 3.46281,  803.522
  6.3957, 3.45823,  803.585
  6.3581, 3.45355,  803.710
  6.3704, 3.45467,  803.835
  6.3748, 3.45505,  803.960
  6.3582, 3.45373,  803.960
  6.2793, 3.44646,  803.960
  6.3028, 3.44845,  804.211
  6.3289, 3.45060,  804.524
  6.2997, 3.44883,  804.900
  6.2804, 3.44646,  805.401
  6.3021, 3.44778,  806.090
  6.2989, 3.44808,  806.654
  6.3344, 3.45142,  806.967
  6.3391, 3.45199,  807.218
  6.3186, 3.45017,  807.531
  6.3130, 3.44954,  807.907
  6.2782, 3.44624,  808.095
  6.2862, 3.44674,  808.158
  6.3296, 3.45099,  808.220
  6.3409, 3.45191,  808.408
  6.3803, 3.45594,  808.596
  6.3750, 3.45551,  808.847
  6.4201, 3.45942,  808.909
  6.4495, 3.46245,  808.909
  6.4498, 3.46247,  808.972
  6.4383, 3.46155,  808.972
  6.4579, 3.46330,  808.784
  6.4086, 3.45906,  808.408
  6.4161, 3.45932,  807.907
  6.4317, 3.46079,  807.406
  6.4466, 3.46215,  807.030
  6.4328, 3.46075,  806.466
  6.4245, 3.46051,  805.965
  6.3921, 3.45724,  805.276
  6.3652, 3.45434,  804.524
  6.3507, 3.45312,  803.710
  6.3323, 3.45177,  802.770
  6.3094, 3.44963,  801.831
  6.3461, 3.45236,  801.016
  6.3689, 3.45505,  800.264
  6.4334, 3.45987,  799.763
  6.4993, 3.46524,  799.450
  6.5786, 3.47358,  799.137
  6.6564, 3.48110,  798.949
  6.6122, 3.47783,  798.761
  6.6786, 3.48232,  798.636
  6.7120, 3.48769,  798.510
  6.7003, 3.48654,  798.322
  6.6861, 3.48453,  798.009
  6.6620, 3.48240,  797.633
  6.6378, 3.48024,  797.258
  6.6705, 3.48211,  797.007
  6.6826, 3.48475,  796.819
  6.7108, 3.48566,  796.756
  6.7286, 3.48852,  796.882
  6.7282, 3.48853,  797.007
  6.7195, 3.48782,  797.258
  6.6697, 3.48336,  797.508
  6.6682, 3.48259,  797.821
  6.6295, 3.48040,  798.009
  6.5872, 3.47603,  798.072
  6.5518, 3.47176,  798.009
  6.5085, 3.46900,  797.821
  6.4993, 3.46653,  797.633
  6.5476, 3.46986,  797.508
  6.5881, 3.47511,  797.383
  6.5814, 3.47475,  797.320
  6.5588, 3.47271,  797.383
  6.5514, 3.47181,  797.508
  6.5230, 3.46906,  797.947
  6.5711, 3.47333,  798.573
  6.6049, 3.47676,  799.262
  6.5843, 3.47518,  799.951
  6.5631, 3.47307,  800.640
  6.5256, 3.46953,  801.141
  6.5116, 3.46825,  801.329
  6.4813, 3.46529,  801.392
  6.4389, 3.46200,  801.267
  6.4709, 3.46422,  801.016
  6.4791, 3.46530,  800.640
  6.4338, 3.46176,  800.327
  6.4216, 3.46020,  800.139
  6.4039, 3.45833,  800.014
  6.4188, 3.45969,  799.889
  6.4590, 3.46334,  799.826
  6.4291, 3.46087,  799.826
  6.4412, 3.46156,  800.014
  6.4299, 3.46082,  800.327
  6.4423, 3.46199,  800.640
  6.4266, 3.46070,  800.954
  6.4038, 3.45822,  801.016
  6.4012, 3.45792,  801.016
  6.3985, 3.45781,  801.079
  6.4092, 3.45840,  801.141
  6.4245, 3.46005,  801.204
  6.4319, 3.46098,  801.204
  6.4254, 3.46048,  801.079
  6.4273, 3.46050,  800.828
  6.4324, 3.46063,  800.452
  6.4357, 3.46103,  799.951
  6.4266, 3.46053,  799.450
  6.4081, 3.45892,  798.949
  6.3351, 3.45350,  798.448
  6.3968, 3.45684,  797.884
  6.4321, 3.46001,  797.320
  6.4600, 3.46353,  796.819
  6.4354, 3.46147,  796.443
  6.4688, 3.46394,  796.255
  6.5126, 3.46831,  796.318
  6.5518, 3.47213,  796.381
  6.5545, 3.47225,  796.381
  6.5657, 3.47357,  796.381
  6.5668, 3.47323,  796.381
  6.5650, 3.47298,  796.506
  6.5677, 3.47337,  796.694
  6.5674, 3.47323,  796.944
  6.5701, 3.47352,  797.258
  6.5737, 3.47390,  797.571
  6.5767, 3.47421,  797.884
  6.5938, 3.47553,  798.135
  6.5960, 3.47615,  798.322
  6.5636, 3.47350,  798.510
  6.5577, 3.47260,  798.698
  6.5676, 3.47344,  798.886
  6.5859, 3.47474,  799.012
  6.5880, 3.47541,  799.074
  6.5864, 3.47561,  799.200
  6.6092, 3.47644,  799.450
  6.6541, 3.48158,  799.889
  6.6377, 3.47994,  800.327
  6.6312, 3.47903,  800.766
  6.6131, 3.47766,  801.079
  6.6346, 3.47929,  801.204
  6.6172, 3.47825,  801.141
  6.5818, 3.47557,  800.954
  6.5586, 3.47312,  800.891
  6.5775, 3.47435,  800.891
  6.5778, 3.47423,  800.828
  6.5601, 3.47331,  800.891
  6.4644, 3.46778,  801.141
  6.4458, 3.46245,  801.329
  6.4550, 3.46303,  801.517
  6.5128, 3.46771,  801.705
  6.5216, 3.46966,  801.956
  6.5157, 3.46981,  802.332
  6.4933, 3.46651,  802.958
  6.4988, 3.46773,  803.773
  6.4781, 3.46551,  804.462
  6.4668, 3.46453,  805.088
  6.3798, 3.45788,  805.464
  6.3391, 3.45274,  805.777
  6.3689, 3.45460,  806.090
  6.3934, 3.45707,  806.654
  6.4430, 3.46224,  807.155
  6.4221, 3.46090,  807.531
  6.3760, 3.45655,  807.907
  6.3625, 3.45441,  808.346
  6.3638, 3.45483,  808.596
  6.3362, 3.45277,  808.721
  6.3211, 3.45094,  808.847
  6.3005, 3.44752,  808.909
  6.3279, 3.45141,  808.784
  6.3604, 3.45418,  808.471
  6.3839, 3.45670,  808.032
  6.3805, 3.45610,  807.594
  6.3516, 3.45380,  807.155
  6.3287, 3.45165,  806.842
  6.3820, 3.45538,  806.466
  6.3876, 3.45589,  806.216
  6.3812, 3.45641,  805.902
  6.3404, 3.45254,  805.589
  6.3383, 3.45244,  805.088
  6.3357, 3.45198,  804.587
  6.3358, 3.45188,  804.023
  6.3499, 3.45354,  803.522
  6.3631, 3.45375,  803.021
  6.3941, 3.45726,  802.708
  6.3723, 3.45521,  802.520
  6.3945, 3.45697,  802.269
  6.3835, 3.45657,  801.893
  6.3751, 3.45586,  801.517
  6.3901, 3.45719,  801.016
  6.3823, 3.45564,  800.515
  6.4385, 3.46085,  800.139
  6.4960, 3.46686,  799.826
  6.5238, 3.46940,  799.638
  6.4915, 3.46665,  799.388
  6.4780, 3.46545,  799.200
  6.4642, 3.46365,  799.012
  6.4931, 3.46597,  798.761
  6.4951, 3.46670,  798.510
  6.4994, 3.46692,  798.197
  6.5060, 3.46735,  797.696
  6.5297, 3.46920,  797.132
  6.5051, 3.46846,  796.631
  6.4789, 3.46559,  796.130
  6.4744, 3.46471,  795.817
  6.4741, 3.46434,  795.691
  6.4702, 3.46420,  795.754
  6.4650, 3.46367,  795.942
  6.4748, 3.46420,  796.318
  6.4951, 3.46633,  796.944
  6.4932, 3.46647,  797.508
  6.4719, 3.46506,  797.947
  6.4662, 3.46412,  798.260
  6.4684, 3.46392,  798.510
  6.4635, 3.46398,  798.698
  6.4564, 3.46306,  798.824
  6.4623, 3.46351,  799.137
  6.4671, 3.46394,  799.513
  6.4689, 3.46430,  800.014
  6.4683, 3.46409,  800.578
  6.4804, 3.46479,  801.204
  6.4639, 3.46396,  801.768
  6.4498, 3.46295,  802.206
  6.3593, 3.45475,  802.708
  6.3542, 3.45392,  803.021
  6.3540, 3.45374,  803.397
  6.4117, 3.45894,  803.710
  6.4395, 3.46147,  804.023
  6.3965, 3.45897,  804.211
  6.3284, 3.45166,  804.148
  6.3236, 3.45076,  803.960
  6.3221, 3.45106,  803.585
  6.3092, 3.44964,  803.334
  6.3076, 3.44924,  803.146
  6.3499, 3.45330,  803.021
  6.3761, 3.45577,  803.021
  6.3828, 3.45641,  803.146
  6.3606, 3.45405,  803.397
  6.4022, 3.45827,  803.647
  6.4062, 3.45886,  804.023
  6.4427, 3.46143,  804.399
  6.4232, 3.45986,  804.838
  6.4406, 3.46195,  805.213
  6.3787, 3.45531,  805.589
  6.3799, 3.45433,  805.902
  6.3963, 3.45686,  806.153
  6.4162, 3.45718,  806.216
  6.4890, 3.46599,  806.341
  6.4785, 3.46524,  806.216
  6.4535, 3.46280,  806.090
  6.4348, 3.46187,  805.902
  6.2989, 3.45050,  805.715
  6.4136, 3.45924,  805.527
  6.4471, 3.46274,  805.339
  6.4900, 3.46616,  805.151
  6.5299, 3.47043,  804.963
  6.5183, 3.46943,  804.587
  6.4848, 3.46651,  803.960
  6.4567, 3.46337,  803.209
  6.4571, 3.46309,  802.457
  6.4520, 3.46292,  801.705
  6.4408, 3.46177,  800.954
  6.4290, 3.46036,  800.327
  6.4447, 3.46202,  799.951
  6.4920, 3.46608,  799.763
  6.5048, 3.46756,  799.826
  6.5217, 3.46907,  799.951
  6.4781, 3.46596,  799.889
  6.4766, 3.46449,  799.763
  6.4840, 3.46551,  799.575
  6.4744, 3.46488,  799.388
  6.4572, 3.46314,  799.325
  6.4362, 3.46147,  799.262
  6.4168, 3.45957,  799.200
  6.4372, 3.46075,  799.325
  6.4826, 3.46548,  799.513
  6.4373, 3.46197,  799.513
  6.4477, 3.46187,  799.450
  6.4442, 3.46224,  799.388
  6.3961, 3.45800,  799.262
  6.3965, 3.45758,  799.012
  6.4547, 3.46221,  798.698
  6.4066, 3.46078,  798.385
  6.3830, 3.45620,  798.197
  6.4514, 3.46024,  798.072
  6.5020, 3.46697,  798.135
  6.5006, 3.46744,  798.197
  6.4854, 3.46562,  798.197
  6.4562, 3.46319,  798.135
  6.3927, 3.45860,  798.197
  6.4153, 3.45870,  798.322
  6.4356, 3.46218,  798.322
  6.4415, 3.46154,  798.322
  6.4865, 3.46530,  798.322
  6.5007, 3.46721,  798.448
  6.5287, 3.46953,  798.698
  6.5468, 3.47155,  798.886
  6.5049, 3.46849,  799.137
  6.4793, 3.46558,  799.388
  6.4819, 3.46555,  799.701
  6.4799, 3.46557,  799.889
  6.4351, 3.46280,  799.951
  6.4252, 3.45986,  800.077
  6.4824, 3.46553,  800.452
  6.4826, 3.46580,  800.954
  6.4776, 3.46553,  801.267
  6.4741, 3.46522,  801.705
  6.4716, 3.46499,  802.081
  6.4738, 3.46488,  802.645
  6.4794, 3.46579,  803.146
  6.4789, 3.46531,  803.585
  6.4621, 3.46425,  803.960
  6.4608, 3.46377,  804.148
  6.4451, 3.46342,  804.086
  6.4211, 3.46039,  803.710
  6.4137, 3.45963,  803.522
  6.4036, 3.45834,  803.271
  6.4235, 3.46122,  802.958
  6.3804, 3.45710,  802.708
  6.4298, 3.46066,  802.582
  6.4263, 3.46102,  802.582
  6.4272, 3.46045,  802.645
  6.4741, 3.46469,  802.770
  6.4917, 3.46692,  802.896
  6.4500, 3.46338,  802.896
  6.3977, 3.45866,  802.520
  6.3835, 3.45680,  801.956
  6.4094, 3.45901,  801.204
  6.4217, 3.45980,  800.515
  6.4059, 3.45883,  799.889
  6.4017, 3.45808,  799.450
  6.3915, 3.45756,  799.012
  6.3889, 3.45649,  798.510
  6.3996, 3.45790,  798.072
  6.4249, 3.45933,  797.759
  6.4467, 3.46209,  797.696
  6.4686, 3.46372,  797.759
  6.5139, 3.46766,  797.884
  6.5612, 3.47223,  798.135
  6.5660, 3.47349,  798.448
  6.5571, 3.47232,  798.636
  6.5514, 3.47190,  798.824
  6.5325, 3.46938,  799.012
  6.4957, 3.46745,  799.200
  6.4720, 3.46447,  799.325
  6.4692, 3.46410,  799.450
  6.4730, 3.46455,  799.388
  6.4989, 3.46613,  799.137
  6.5210, 3.46936,  798.886
  6.4890, 3.46666,  798.698
  6.4283, 3.46121,  798.322
  6.4471, 3.46140,  798.072
  6.4612, 3.46342,  797.821
  6.4851, 3.46554,  797.759
  6.4858, 3.46598,  797.759
  6.4493, 3.46280,  797.821
  6.4166, 3.45955,  797.947
  6.4383, 3.46085,  798.197
  6.4800, 3.46512,  798.448
  6.5066, 3.46759,  798.824
  6.5124, 3.46837,  799.137
  6.4724, 3.46516,  799.325
  6.4009, 3.45864,  799.575
  6.3864, 3.45655,  799.763
  6.4460, 3.46153,  799.889
  6.4666, 3.46374,  800.014
  6.4805, 3.46527,  800.264
  6.4701, 3.46453,  800.703
  6.4569, 3.46401,  801.141
  6.4675, 3.46385,  801.643
  6.4767, 3.46516,  802.019
  6.4538, 3.46361,  802.269
  6.4390, 3.46200,  802.520
  6.4355, 3.46128,  802.708
  6.4739, 3.46444,  802.645
  6.4938, 3.46673,  802.457
  6.4782, 3.46619,  802.144
  6.4181, 3.46027,  801.893
  6.3999, 3.45820,  801.768
  6.4061, 3.45854,  801.768
  6.4412, 3.46141,  801.705
  6.4629, 3.46432,  801.643
  6.4589, 3.46378,  801.517
  6.4663, 3.46426,  801.392
  6.4554, 3.46339,  801.267
  6.4663, 3.46396,  801.079
  6.4649, 3.46435,  800.828
  6.4092, 3.45946,  800.578
  6.3967, 3.45788,  800.452
  6.4057, 3.45833,  800.452
  6.3917, 3.45748,  800.390
  6.3828, 3.45646,  800.202
  6.3971, 3.45780,  800.077
  6.4106, 3.45897,  800.014
  6.4541, 3.46251,  799.889
  6.4449, 3.46260,  799.701
  6.4352, 3.46170,  799.513
  6.5179, 3.46863,  799.325
  6.5187, 3.46921,  799.262
  6.5217, 3.46948,  799.137
  6.5113, 3.46803,  799.074
  6.5361, 3.47026,  799.012
  6.5373, 3.47110,  798.949
  6.5039, 3.46863,  798.761
  6.5183, 3.46869,  798.698
  6.5412, 3.47110,  798.698
  6.5231, 3.47025,  798.636
  6.4910, 3.46663,  798.510
  6.4860, 3.46601,  798.260
  6.5002, 3.46702,  798.072
  6.5094, 3.46810,  797.947
  6.5273, 3.46930,  797.821
  6.5335, 3.47046,  797.696
  6.5350, 3.47072,  797.571
  6.5023, 3.46832,  797.383
  6.4495, 3.46284,  797.258
  6.4307, 3.46120,  797.132
  6.4313, 3.46093,  797.132
  6.4840, 3.46564,  797.258
  6.5328, 3.47002,  797.320
  6.5410, 3.47113,  797.383
  6.5291, 3.46995,  797.508
  6.5408, 3.47157,  797.571
