data/SBE37-1777-1000m.asc
* Sea-Bird SBE37 Data File:
* FileName = I:\science\SOTS\SAZ-20_Data\SBE37-1777-1000m\SBE37-1777-1000m.asc
* Software Version 1.59
* Temperature SN = 1777
* Conductivity SN = 1777
* System UpLoad Time = Mar 24 2019 23:34:24
** SAZ20-2018
** 1000m
** 
*END*
[from data line 46286]
  7.3476, 3.54380,  767.815
  7.3963, 3.54944,  767.940
  7.3375, 3.54688,  768.003
  7.2404, 3.53543,  768.003
  7.2318, 3.53392,  768.065
  7.2376, 3.53428,  768.065
  7.2723, 3.53696,  768.065
  7.2563, 3.53719,  768.128
  7.2143, 3.53266,  768.253
  7.2036, 3.53096,  768.378
  7.2753, 3.53576,  768.441
  7.4141, 3.55029,  768.504
  7.4234, 3.55206,  768.566
  7.4195, 3.55194,  768.692
  7.4267, 3.55254,  768.754
  7.4166, 3.55210,  768.817
  7.3412, 3.54675,  768.942
  7.2605, 3.53674,  769.005
  7.2668, 3.53712,  769.068
  7.3252, 3.54176,  769.130
  7.3570, 3.54433,  769.193
  7.3584, 3.54719,  769.318
  7.3353, 3.54446,  769.443
  7.3490, 3.54481,  769.506
  7.3513, 3.54532,  769.694
  7.2682, 3.53936,  769.819
  7.2598, 3.53618,  769.945
  7.2732, 3.53796,  770.070
  7.2565, 3.53737,  770.195
  7.2140, 3.53329,  770.258
  7.1499, 3.52622,  770.320
  7.1637, 3.52675,  770.446
  7.1937, 3.52897,  770.571
  7.2230, 3.53313,  770.696
  7.2402, 3.53458,  770.884
  7.2347, 3.53443,  771.072
  7.2451, 3.53526,  771.260
  7.2542, 3.53620,  771.385
  7.2543, 3.53629,  771.511
  7.2507, 3.53600,  771.573
  7.2371, 3.53495,  771.636
  7.2184, 3.53404,  771.573
  7.2019, 3.53152,  771.448
  7.2428, 3.53431,  771.260
  7.2336, 3.53439,  771.072
  7.2408, 3.53524,  771.010
  7.2814, 3.53822,  771.010
  7.3029, 3.54050,  771.135
  7.3337, 3.54290,  771.197
  7.3599, 3.54602,  771.323
  7.3473, 3.54535,  771.448
  7.3382, 3.54462,  771.448
  7.3407, 3.54480,  771.448
  7.2892, 3.53983,  771.448
  7.2927, 3.54018,  771.448
  7.2677, 3.53827,  771.448
  7.2532, 3.53742,  771.448
  7.2495, 3.53527,  771.385
  7.2418, 3.53510,  771.260
  7.1853, 3.52964,  771.072
  7.2115, 3.53149,  770.947
  7.2421, 3.53519,  770.822
  7.2587, 3.53597,  770.696
  7.2571, 3.53638,  770.571
  7.2549, 3.53628,  770.383
  7.2314, 3.53341,  770.195
  7.2200, 3.53251,  769.945
  7.2602, 3.53469,  769.694
  7.3086, 3.54077,  769.506
  7.3370, 3.54359,  769.381
  7.3004, 3.54101,  769.193
  7.2318, 3.53488,  769.005
  7.2020, 3.53174,  768.817
  7.1610, 3.52861,  768.692
  7.1308, 3.52479,  768.566
  7.1738, 3.52650,  768.504
  7.2324, 3.53230,  768.441
  7.3029, 3.53906,  768.378
  7.3375, 3.54302,  768.378
  7.3190, 3.54321,  768.316
  7.2207, 3.53541,  768.253
  7.1958, 3.53134,  768.191
  7.1585, 3.52786,  768.128
  7.1538, 3.52644,  768.003
  7.1146, 3.52380,  768.003
  7.1114, 3.52235,  768.003
  7.1100, 3.52215,  768.003
  7.1064, 3.52195,  768.003
  7.1450, 3.52365,  767.940
  7.1809, 3.52824,  767.877
  7.1834, 3.52921,  767.877
  7.1458, 3.52722,  767.877
  7.1261, 3.52374,  767.815
  7.1291, 3.52373,  767.815
  7.1921, 3.52820,  767.815
  7.2354, 3.53310,  767.815
  7.2419, 3.53521,  767.815
  7.2282, 3.53380,  767.940
  7.2279, 3.53351,  768.003
  7.2310, 3.53350,  768.128
  7.3070, 3.53930,  768.191
  7.3519, 3.54486,  768.253
  7.3530, 3.54587,  768.253
  7.3397, 3.54485,  768.316
  7.3252, 3.54327,  768.378
  7.3243, 3.54273,  768.504
  7.3257, 3.54308,  768.566
  7.3186, 3.54292,  768.629
  7.2810, 3.53895,  768.754
  7.2563, 3.53695,  768.880
  7.2916, 3.53884,  769.068
  7.2980, 3.54067,  769.255
  7.2997, 3.54039,  769.381
  7.3104, 3.54115,  769.506
  7.3121, 3.54153,  769.631
  7.3219, 3.54289,  769.757
  7.3173, 3.54260,  769.819
  7.3001, 3.54068,  769.882
  7.2975, 3.54043,  770.007
  7.2098, 3.53246,  770.070
  7.1996, 3.53087,  770.133
  7.1942, 3.53080,  770.195
  7.2197, 3.53110,  770.195
  7.1856, 3.52887,  770.258
  7.1488, 3.52594,  770.320
  7.1237, 3.52178,  770.320
  7.1860, 3.52867,  770.383
  7.1507, 3.52589,  770.508
  7.1473, 3.52631,  770.634
  7.0719, 3.51803,  770.759
  7.0835, 3.51821,  770.884
  7.0800, 3.51691,  770.884
  7.0890, 3.51678,  770.759
  7.0952, 3.51830,  770.696
  7.0530, 3.51488,  770.571
  7.0306, 3.51197,  770.383
  7.0756, 3.51572,  770.133
  7.0840, 3.51701,  769.945
  7.0462, 3.51356,  769.819
  6.9179, 3.50143,  769.631
  6.9223, 3.50146,  769.506
  6.9952, 3.50416,  769.318
  7.0814, 3.51580,  769.193
  7.0960, 3.51841,  769.068
  7.0438, 3.51416,  769.068
  7.0626, 3.51529,  769.005
  7.1123, 3.51958,  768.942
  7.1073, 3.51977,  768.817
  6.9734, 3.50965,  768.754
  6.9354, 3.50324,  768.754
  6.9143, 3.50108,  768.692
  6.9107, 3.50066,  768.629
  7.0095, 3.50789,  768.504
  7.0756, 3.51525,  768.504
  7.1536, 3.52134,  768.441
  7.2109, 3.52882,  768.441
  7.2087, 3.53032,  768.441
  7.1820, 3.52766,  768.441
  7.1781, 3.52728,  768.441
  7.1578, 3.52588,  768.504
  7.1125, 3.52266,  768.566
  7.0882, 3.51930,  768.629
  7.1014, 3.51880,  768.692
  7.1207, 3.51996,  768.692
  7.1520, 3.52381,  768.754
  7.1566, 3.52605,  768.754
  7.1239, 3.52357,  768.817
  7.0922, 3.51930,  768.817
  7.0934, 3.51919,  768.754
  7.1037, 3.52003,  768.754
  7.1233, 3.52173,  768.754
  7.1220, 3.52242,  768.692
  7.0260, 3.51541,  768.692
  7.0241, 3.51309,  768.692
  6.9980, 3.51025,  768.692
  6.9654, 3.50719,  768.692
  6.9065, 3.50195,  768.754
  6.9119, 3.50084,  768.817
  6.9370, 3.50152,  768.942
  7.0998, 3.51476,  769.005
  7.1509, 3.52477,  769.193
  7.0575, 3.51944,  769.381
  6.9276, 3.50462,  769.506
  6.9398, 3.50193,  769.631
  7.1198, 3.51908,  769.819
  7.1992, 3.52683,  770.007
  7.2386, 3.53348,  770.133
  7.1641, 3.52853,  770.383
  7.1290, 3.52313,  770.508
  7.0983, 3.51979,  770.696
  7.1644, 3.52587,  770.822
  7.1942, 3.52834,  770.947
  7.2183, 3.53149,  771.010
  7.1687, 3.52808,  771.135
  7.1180, 3.52304,  771.260
  7.0593, 3.51664,  771.385
  7.0785, 3.51711,  771.448
  7.0936, 3.51852,  771.511
  7.1009, 3.52050,  771.573
  7.0561, 3.51631,  771.636
  7.0437, 3.51565,  771.699
  7.0365, 3.51414,  771.636
  7.1027, 3.52040,  771.511
  7.1215, 3.52237,  771.448
  7.1353, 3.52323,  771.385
  7.1415, 3.52379,  771.323
  7.1349, 3.52454,  771.260
  7.1477, 3.52463,  771.135
  7.1590, 3.52554,  771.072
  7.1814, 3.52797,  770.947
  7.2094, 3.52939,  770.822
  7.2462, 3.53377,  770.696
  7.2393, 3.53601,  770.571
  7.1932, 3.53086,  770.446
  7.1825, 3.52872,  770.383
  7.1984, 3.52902,  770.383
  7.2614, 3.53648,  770.258
  7.2360, 3.53701,  770.195
  7.2231, 3.53442,  770.007
  7.2071, 3.53128,  769.819
  7.1568, 3.52763,  769.694
  7.1167, 3.52355,  769.506
  7.0958, 3.52045,  769.381
  7.1616, 3.52407,  769.193
  7.1815, 3.52857,  769.068
  7.1994, 3.52757,  768.942
  7.1311, 3.52497,  768.817
  7.2065, 3.52927,  768.817
  7.2815, 3.53846,  768.754
  7.3156, 3.54218,  768.629
  7.3103, 3.54293,  768.566
  7.2403, 3.53755,  768.504
  7.2235, 3.53293,  768.441
  7.2151, 3.53261,  768.378
  7.2063, 3.53170,  768.316
  7.1035, 3.52206,  768.316
  7.1005, 3.52081,  768.253
  7.0612, 3.51816,  768.253
  7.0601, 3.51649,  768.316
  7.1745, 3.52595,  768.378
  7.1611, 3.52762,  768.441
  7.1490, 3.52642,  768.441
  7.1498, 3.52502,  768.441
  7.1583, 3.52715,  768.441
  7.1909, 3.52964,  768.441
  7.2895, 3.53815,  768.504
  7.2935, 3.54072,  768.566
  7.2913, 3.54091,  768.566
  7.2548, 3.53732,  768.692
  7.2728, 3.53865,  768.817
  7.2871, 3.54009,  768.942
  7.3053, 3.54287,  768.942
  7.2666, 3.53830,  768.942
  7.2276, 3.53516,  768.880
  7.0787, 3.52031,  768.880
  7.0915, 3.51872,  768.880
  7.2173, 3.52986,  768.880
  7.2328, 3.53385,  769.005
  7.2918, 3.53759,  769.005
  7.2835, 3.54063,  769.068
  7.2403, 3.53658,  769.005
  7.2174, 3.53306,  768.942
  7.2093, 3.53370,  768.942
  7.1704, 3.52819,  768.942
  7.1806, 3.53031,  768.880
  7.0717, 3.51937,  768.817
  7.1323, 3.52384,  768.754
  7.2483, 3.53227,  768.817
  7.3539, 3.54524,  768.817
  7.3529, 3.54673,  768.880
  7.3743, 3.54711,  768.880
  7.3595, 3.54795,  768.942
  7.3291, 3.54477,  769.005
  7.3146, 3.54317,  768.942
  7.3006, 3.54168,  768.942
  7.2926, 3.54072,  768.880
  7.2967, 3.54065,  768.817
  7.3235, 3.54326,  768.754
  7.2971, 3.54174,  768.692
  7.2538, 3.53812,  768.566
  7.2358, 3.53515,  768.504
  7.1847, 3.53220,  768.504
  7.2930, 3.53893,  768.441
  7.3296, 3.54374,  768.441
  7.3091, 3.54362,  768.378
  7.2267, 3.53752,  768.316
  7.1767, 3.53023,  768.253
  7.2127, 3.53252,  768.191
  7.2047, 3.53246,  768.128
  7.1592, 3.52866,  768.003
  7.1593, 3.52748,  768.003
  7.1642, 3.52856,  767.940
  7.1609, 3.52833,  767.940
  7.1515, 3.52702,  767.940
  7.1415, 3.52613,  767.940
  7.1597, 3.52733,  767.940
  7.1808, 3.52921,  767.940
  7.1820, 3.52939,  767.940
  7.1773, 3.52931,  767.940
  7.1743, 3.52913,  767.940
  7.1667, 3.52792,  767.940
  7.1756, 3.52941,  767.940
  7.1685, 3.52860,  767.940
  7.1466, 3.52592,  767.940
  7.1682, 3.52870,  768.003
  7.1815, 3.52873,  768.065
  7.1963, 3.53057,  768.065
  7.1774, 3.52937,  768.128
  7.1837, 3.52864,  768.128
  7.2102, 3.53161,  768.128
  7.2320, 3.53390,  768.191
  7.2303, 3.53376,  768.253
  7.2407, 3.53436,  768.316
  7.2148, 3.53262,  768.378
  7.2185, 3.53226,  768.441
  7.3002, 3.53812,  768.504
  7.3528, 3.54457,  768.566
  7.3338, 3.54462,  768.692
  7.2517, 3.53610,  768.817
  7.2440, 3.53461,  769.005
  7.3264, 3.53788,  769.255
  7.4208, 3.55378,  769.506
  7.3046, 3.54553,  769.757
  7.2142, 3.53190,  770.007
  7.2334, 3.53352,  770.258
  7.2433, 3.53519,  770.508
  7.1747, 3.52968,  770.696
  7.1072, 3.52338,  770.884
  7.0893, 3.52098,  771.072
  7.0932, 3.52071,  771.260
  7.1716, 3.52701,  771.448
  7.2075, 3.53056,  771.573
  7.2016, 3.53128,  771.699
  7.1844, 3.52941,  771.887
  7.1791, 3.52835,  772.012
  7.1681, 3.52795,  772.075
  7.1060, 3.52224,  772.137
  7.0875, 3.51989,  772.137
  7.1191, 3.52095,  772.262
  7.1672, 3.52716,  772.325
  7.1471, 3.52630,  772.450
  7.0768, 3.51926,  772.513
  7.0651, 3.51764,  772.638
  7.0334, 3.51431,  772.764
  7.0685, 3.51768,  772.889
  7.2338, 3.53116,  773.014
  7.3020, 3.54144,  773.202
  7.2118, 3.53397,  773.202
  7.0454, 3.51756,  773.014
  7.0178, 3.51262,  772.764
  6.9977, 3.51149,  772.513
  7.0631, 3.51698,  772.262
  7.1638, 3.52654,  772.137
  7.1938, 3.53044,  772.012
  7.1809, 3.53017,  771.949
  7.0741, 3.52029,  771.824
  6.9926, 3.51159,  771.636
  6.9854, 3.50998,  771.448
  7.0089, 3.51172,  771.323
  7.1325, 3.52160,  771.197
  7.2775, 3.53713,  771.010
  7.2884, 3.54047,  770.822
  7.2810, 3.54002,  770.508
  7.1053, 3.52622,  770.195
  7.0066, 3.51296,  769.882
  7.0015, 3.51110,  769.569
  7.0978, 3.51700,  769.318
  7.2063, 3.53278,  769.130
  7.1103, 3.52658,  769.005
  7.0009, 3.51242,  768.817
  6.9792, 3.50935,  768.629
  6.9878, 3.50928,  768.441
  7.0551, 3.51328,  768.253
  7.2065, 3.52750,  768.128
  7.2258, 3.53403,  768.065
  7.2266, 3.53446,  768.003
  7.2250, 3.53392,  767.940
  7.1419, 3.53115,  767.940
  7.0276, 3.51626,  767.877
  7.0981, 3.52019,  767.752
  7.2070, 3.52945,  767.689
  7.2443, 3.53483,  767.627
  7.2224, 3.53471,  767.564
  7.1694, 3.52998,  767.564
  7.2661, 3.53566,  767.502
  7.2749, 3.53913,  767.564
  7.2615, 3.53827,  767.564
  7.0947, 3.52548,  767.564
  7.1152, 3.52063,  767.502
  7.2545, 3.53406,  767.502
  7.2682, 3.53750,  767.439
  7.2614, 3.53773,  767.376
  7.2421, 3.53608,  767.376
  7.1538, 3.53002,  767.376
  7.1357, 3.52568,  767.376
  7.2131, 3.52999,  767.376
  7.2410, 3.53404,  767.439
  7.2500, 3.53603,  767.502
  7.2461, 3.53643,  767.502
  7.1675, 3.53206,  767.564
  7.0840, 3.52143,  767.627
  7.1127, 3.51972,  767.627
  7.2144, 3.53115,  767.627
  7.2748, 3.53758,  767.627
  7.2888, 3.53942,  767.689
  7.2898, 3.53926,  767.752
  7.2753, 3.53832,  767.752
  7.2562, 3.53687,  767.752
  7.2698, 3.53785,  767.752
  7.3184, 3.54233,  767.815
  7.3376, 3.54513,  767.877
  7.3074, 3.54264,  767.940
  7.2242, 3.53669,  768.065
  7.1217, 3.52398,  768.191
  7.1208, 3.52279,  768.378
  7.2368, 3.53221,  768.566
  7.2292, 3.53429,  768.692
  7.1446, 3.52762,  768.880
  7.0653, 3.51871,  769.005
  7.0060, 3.51135,  769.068
  7.0711, 3.51591,  769.130
  7.2341, 3.53087,  769.193
  7.2326, 3.53413,  769.255
  7.2160, 3.53216,  769.318
  7.2047, 3.53138,  769.443
  7.1786, 3.52889,  769.506
  7.1621, 3.52700,  769.569
  7.1682, 3.52732,  769.631
  7.1814, 3.52873,  769.631
  7.1878, 3.52906,  769.569
  7.1457, 3.52604,  769.506
  7.1316, 3.52418,  769.381
  7.0848, 3.51904,  769.255
  7.0815, 3.51762,  769.130
  7.1210, 3.52238,  769.130
  7.0929, 3.52079,  769.193
  7.0940, 3.52073,  769.255
  7.1095, 3.52128,  769.381
  7.0978, 3.52043,  769.443
  7.0049, 3.51318,  769.443
  6.9925, 3.51002,  769.381
  6.9852, 3.50911,  769.318
  7.0047, 3.51090,  769.193
  6.9934, 3.51028,  769.068
  6.9949, 3.51054,  768.880
  6.9700, 3.50822,  768.692
  6.9981, 3.50975,  768.629
  6.9984, 3.51276,  768.692
  7.1241, 3.51828,  768.692
  7.0747, 3.51894,  768.629
  6.9964, 3.50908,  768.692
  6.9253, 3.50340,  768.692
  6.8713, 3.49763,  768.692
  6.9683, 3.50224,  768.692
  7.0123, 3.51004,  768.629
  7.0110, 3.50955,  768.566
  7.0210, 3.51135,  768.629
  6.9783, 3.50863,  768.629
  6.8740, 3.49738,  768.629
  6.8389, 3.49137,  768.629
  6.8079, 3.48941,  768.692
  6.8095, 3.48855,  768.692
  6.8091, 3.48882,  768.754
  6.8010, 3.48800,  768.817
  6.7924, 3.48625,  768.880
  6.8174, 3.48788,  769.005
  6.9692, 3.50047,  769.068
  7.0351, 3.51086,  769.130
  6.9157, 3.50613,  769.255
  6.7831, 3.48558,  769.443
  6.7844, 3.48734,  769.569
  6.8176, 3.48986,  769.694
  6.9347, 3.50415,  769.757
  6.9111, 3.50416,  769.882
  6.9230, 3.50235,  770.007
  6.9366, 3.50559,  770.007
  6.9218, 3.50407,  769.945
  6.9438, 3.50461,  769.945
  6.9751, 3.50725,  769.945
  7.0183, 3.51204,  770.007
  7.0225, 3.51370,  770.070
  7.0186, 3.51363,  770.195
  7.0189, 3.51281,  770.320
  6.9981, 3.51149,  770.446
  7.0034, 3.51196,  770.508
  6.9982, 3.51103,  770.634
  6.9873, 3.51010,  770.822
  6.9753, 3.50906,  771.072
  6.9927, 3.50984,  771.260
  6.9969, 3.51097,  771.385
  6.9275, 3.50526,  771.573
  6.9151, 3.50331,  771.636
  6.7852, 3.49729,  771.699
  6.7375, 3.48128,  771.761
  6.8217, 3.48851,  771.887
  6.8258, 3.49093,  772.012
  6.8239, 3.49103,  772.200
  6.7881, 3.48900,  772.325
  6.7785, 3.48844,  772.325
  6.8007, 3.48582,  772.262
  6.8828, 3.49637,  772.137
  6.8295, 3.49651,  772.075
  6.8305, 3.49446,  771.887
  6.9569, 3.50535,  771.699
  6.8923, 3.49981,  771.573
  7.0452, 3.50688,  771.385
  7.1176, 3.52098,  771.323
  7.1362, 3.52390,  771.260
  7.0802, 3.52049,  771.197
  7.0751, 3.51671,  771.072
  7.0292, 3.51296,  771.010
  7.0179, 3.51176,  770.884
  7.0519, 3.51533,  770.634
  7.0840, 3.51918,  770.383
  6.9132, 3.50429,  770.133
  6.8901, 3.49775,  769.882
  7.0134, 3.51376,  769.694
  6.9555, 3.50742,  769.506
  6.9059, 3.50037,  769.318
  6.8788, 3.49811,  769.193
  6.8195, 3.49149,  769.068
  6.8087, 3.48936,  768.942
  6.8518, 3.49367,  768.880
  6.8670, 3.49621,  768.754
  6.8747, 3.49774,  768.692
  6.8178, 3.49253,  768.629
  6.8315, 3.49316,  768.629
  6.8340, 3.49361,  768.629
  6.8166, 3.49325,  768.566
  6.8168, 3.48860,  768.504
  6.8305, 3.49239,  768.441
  6.7592, 3.48359,  768.441
  6.8254, 3.49034,  768.378
  6.8953, 3.49819,  768.441
  6.9166, 3.50152,  768.441
  6.9556, 3.50376,  768.441
  6.9624, 3.50575,  768.441
  6.9420, 3.50441,  768.441
  6.9439, 3.50340,  768.378
  6.9324, 3.50254,  768.378
  6.9308, 3.50203,  768.441
  6.9173, 3.50106,  768.504
  6.9223, 3.50093,  768.504
  6.9298, 3.50187,  768.566
  6.8948, 3.49984,  768.629
  6.8950, 3.49803,  768.692
  6.9245, 3.50100,  768.817
  6.9474, 3.50333,  768.880
  6.9690, 3.50630,  769.005
  6.9702, 3.50623,  769.130
  6.9695, 3.50610,  769.255
  6.9682, 3.50645,  769.506
  6.9797, 3.50660,  769.757
  6.9700, 3.50649,  769.945
  6.9603, 3.50558,  770.133
  6.9372, 3.50334,  770.320
  6.9197, 3.50182,  770.508
  6.9125, 3.50108,  770.634
  6.9064, 3.50058,  770.822
  6.9029, 3.49996,  770.884
  6.8906, 3.49876,  770.822
  6.8809, 3.49860,  770.759
  6.8692, 3.49703,  770.634
  6.8592, 3.49642,  770.508
  6.8507, 3.49522,  770.446
  6.8504, 3.49497,  770.446
  6.8604, 3.49615,  770.508
  6.8480, 3.49504,  770.571
  6.8394, 3.49470,  770.634
  6.8417, 3.49467,  770.696
