data/SBE37SMP-ODO-RS232_03715969_2019_03_27.cnv
* Sea-Bird SBE37SMP-ODO-RS232  Data File:
* FileName = \\science1\Voyages\current\science\SOTS\SOFS-7.5 data\SBE37-15969-30m\SBE37SMP-ODO-RS232_03715969_2019_03_27.hex
* Software version SeatermV2 2.6.3.104
* Temperature SN = 15969
* Conductivity SN = 15969
* System UpLoad Time = Mar 27 2019 23:04:08
* sample interval = 1800 seconds
* <ApplicationData>
# nquan = 12
# nvalues = 11470                                 
# units = specified
# name 0 = timeK: Time, Instrument [seconds]
# name 1 = tv290C: Temperature [ITS-90, deg C]
# name 2 = cond0S/m: Conductivity [S/m]
# name 3 = prdM: Pressure, Strain Gauge [db]
# name 4 = sal00: Salinity, Practical [PSU]
# name 5 = sbeopoxMm/Kg: Oxygen, SBE 63 [umol/kg]
# name 6 = sbeopoxML/L: Oxygen, SBE 63 [ml/l]
# name 7 = sbeopoxMm/L: Oxygen, SBE 63 [umol/l]
# name 8 = sbeoxTC: Oxygen Temperature, SBE 63 [ITS-90, deg C]
# name 9 = oxsolMm/Kg: Oxygen Saturation, Garcia & Gordon [umol/kg]
# name 10 = density00: Density [density, kg/m^3]
# name 11 = flag:  0.000e+00
# span 0 =   84290670, 4261683010                 
# span 1 =   -44.9111,    99.0000                 
# span 2 = -99.000000,  81.119058                 
# span 3 = -48036.641,  49461.847                 
# span 4 =     0.0000,  1999.0000                 
# span 5 =     258.62,     778.19                 
# span 6 =      5.946,     17.039                 
# span 7 =     265.54,     760.96                 
# span 8 =   -25.0340,    18.2602                 
# span 9 =-4561.66623,  409.95370                 
# span 10 =   534.5839,  4068.5123                
# span 11 = 0.0000e+00, 0.0000e+00                
# interval = seconds: 1800
# start_time = Aug 01 2018 00:00:01 [Instrument's time stamp, first data scan]
# bad_flag = -9.990e-29
*END*
[from data line 11429]
  606969001    13.7940   0.007397      0.013     0.0466     316.68      7.086     316.47    13.8172  323.66353   999.3107  0.000e+00
  606970801    13.9381   0.007431      0.025     0.0467     315.99      7.070     315.77    13.9096  322.64469   999.2910  0.000e+00
  606972601    13.9740   0.007434      0.016     0.0467     315.30      7.055     315.08    13.9979  322.39170   999.2860  0.000e+00
  606974401    13.9504   0.007442     -0.005     0.0467     315.04      7.049     314.82    14.0383  322.55765   999.2892  0.000e+00
  606976201    13.9153   0.007403      0.005     0.0465     314.82      7.044     314.60    14.0284  322.80539   999.2940  0.000e+00
  606978001    13.8777   0.007420      0.005     0.0467     315.00      7.048     314.78    13.9940  323.07094   999.2992  0.000e+00
  606979801    14.3431   0.007213     -0.016     0.0451     313.95      7.024     313.71    14.1376  319.81598   999.2326  0.000e+00
  606981601    14.0937   0.007244     -0.059     0.0455     310.10      6.939     309.88    14.6114  321.55408   999.2680  0.000e+00
  606983400    14.1857   0.006656     -0.020     0.0420     310.08      6.938     309.85    14.5922  320.91821   999.2526  0.000e+00
  606985200    14.2297   0.006461     -0.030     0.0409     310.14      6.939     309.91    14.6056  320.61436   999.2454  0.000e+00
  606987000    14.3744   0.006379     -0.019     0.0403     309.25      6.919     309.01    14.6963  319.61015   999.2244  0.000e+00
  606988801    14.5478   0.006314     -0.018     0.0399     308.81      6.909     308.56    14.7912  318.41388   999.1990  0.000e+00
  606990601    14.8573   0.006230     -0.029     0.0392     308.46      6.901     308.20    14.8457  316.29882   999.1528  0.000e+00
  606992401    14.9459   0.006165     -0.027     0.0388     308.26      6.896     307.99    14.8940  315.69876   999.1392  0.000e+00
  606994201    14.9873   0.006097     -0.027     0.0384     307.89      6.888     307.62    14.9304  315.41907   999.1327  0.000e+00
  606996001    15.0051   0.006035     -0.015     0.0381     307.69      6.884     307.42    14.9484  315.29988   999.1298  0.000e+00
  606997801    15.0211   0.005987     -0.038     0.0378     307.46      6.878     307.19    14.9693  315.19197   999.1270  0.000e+00
  606999601    15.0261   0.005933     -0.015     0.0375     307.44      6.878     307.17    14.9745  315.15923   999.1262  0.000e+00
  607001401    14.9962   0.005888     -0.038     0.0373     307.34      6.876     307.08    14.9424  315.36163   999.1304  0.000e+00
  607003200    14.9708   0.005842     -0.038     0.0370     307.46      6.878     307.19    14.9249  315.53375   999.1340  0.000e+00
  607005000    14.9356   0.005797     -0.027     0.0368     307.43      6.878     307.16    14.8977  315.77307   999.1392  0.000e+00
  607006800    14.9187   0.005752     -0.039     0.0365     307.46      6.879     307.20    14.8944  315.88777   999.1415  0.000e+00
  607008601    14.9447   0.005718     -0.049     0.0363     307.22      6.873     306.96    14.9382  315.71200   999.1374  0.000e+00
  607010401    14.9897   0.005642     -0.038     0.0359     306.41      6.855     306.14    15.0003  315.40841   999.1303  0.000e+00
  607012201    15.0262   0.005616     -0.059     0.0357     305.99      6.845     305.72    15.0456  315.16253   999.1246  0.000e+00
  607014001    15.0556   0.005588     -0.058     0.0356     305.65      6.838     305.38    15.0762  314.96409   999.1200  0.000e+00
  607015801    15.0781   0.005583     -0.069     0.0355     305.27      6.829     305.00    15.0992  314.81283   999.1165  0.000e+00
  607017601    15.0875   0.005540     -0.069     0.0353     305.33      6.831     305.06    15.1163  314.74967   999.1149  0.000e+00
