data/SBE37-1777-1000m.asc
* Sea-Bird SBE37 Data File:
* FileName = I:\science\SOTS\SAZ-20_Data\SBE37-1777-1000m\SBE37-1777-1000m.asc
* Software Version 1.59
* Temperature SN = 1777
* Conductivity SN = 1777
* System UpLoad Time = Mar 24 2019 23:34:24
** SAZ20-2018
** 1000m
** 
*END*
[from data line 48000]
  6.8986, 3.49816,  769.068
  6.9047, 3.49888,  769.068
  6.9140, 3.49961,  769.068
  6.9091, 3.49952,  769.130
  6.9100, 3.49943,  769.255
  6.9058, 3.49911,  769.381
  6.9210, 3.50030,  769.506
  6.9193, 3.50014,  769.631
  6.9271, 3.50060,  769.694
  6.9496, 3.50270,  769.819
  6.9357, 3.50174,  769.819
  6.9555, 3.50325,  769.819
  6.9566, 3.50459,  769.819
  6.9503, 3.50342,  769.757
  6.9209, 3.50163,  769.694
  6.8845, 3.49848,  769.631
  6.8190, 3.49204,  769.694
  6.8621, 3.49417,  769.631
  6.9461, 3.50252,  769.569
  6.9400, 3.50305,  769.506
  6.9254, 3.50239,  769.506
  6.8831, 3.49816,  769.443
  6.8614, 3.49568,  769.506
  6.8955, 3.49766,  769.506
  6.9362, 3.50160,  769.694
  7.0615, 3.50886,  769.819
  7.1345, 3.52195,  769.882
  7.1343, 3.52280,  769.819
  7.0396, 3.51424,  769.819
  6.9926, 3.50695,  769.882
  7.0103, 3.50834,  769.882
  6.9965, 3.50819,  769.819
  6.9649, 3.50497,  769.757
  6.9786, 3.50723,  769.694
  6.9379, 3.50324,  769.694
  6.9262, 3.50124,  769.694
  6.9118, 3.50061,  769.757
  6.8942, 3.49745,  769.757
  6.9572, 3.50266,  769.819
  6.9525, 3.50448,  770.007
  6.9460, 3.50269,  770.133
  6.9251, 3.50132,  770.320
  6.9556, 3.50427,  770.446
  6.9503, 3.50343,  770.508
  6.8987, 3.50006,  770.634
  6.9120, 3.49918,  770.634
  6.8874, 3.49695,  770.759
  6.8754, 3.49617,  770.759
  6.8396, 3.49271,  770.696
  6.7865, 3.48796,  770.634
  6.8098, 3.48860,  770.508
  6.7473, 3.48302,  770.383
  6.7509, 3.48278,  770.258
  6.7984, 3.48648,  770.007
  6.8075, 3.49205,  769.945
  6.7640, 3.48535,  769.882
  6.7682, 3.48454,  769.819
  6.8058, 3.48700,  769.882
  6.8948, 3.49626,  769.882
  6.9861, 3.50507,  769.882
  6.9121, 3.50145,  769.945
  6.8568, 3.49463,  769.945
  6.8542, 3.49401,  769.945
  6.9390, 3.50052,  769.945
  6.9654, 3.50458,  769.882
  6.9478, 3.50207,  769.882
  6.9703, 3.50455,  769.882
  6.9485, 3.50302,  769.945
  6.9557, 3.50351,  769.882
  6.9573, 3.50331,  769.757
  6.9533, 3.50385,  769.631
  6.9454, 3.50220,  769.569
  6.9643, 3.50328,  769.569
  6.9791, 3.50372,  769.631
  7.0569, 3.51209,  769.631
  7.0478, 3.51270,  769.631
  6.9917, 3.50999,  769.631
  6.9558, 3.50357,  769.631
  6.9300, 3.50269,  769.506
  6.9476, 3.50213,  769.318
  6.9774, 3.50678,  769.193
  6.9313, 3.50141,  769.005
  6.9271, 3.50103,  768.942
  6.9222, 3.49995,  768.880
  6.9732, 3.50394,  768.880
  6.9971, 3.50738,  768.942
  6.9845, 3.50695,  769.068
  6.9883, 3.50681,  769.193
  6.9926, 3.50715,  769.255
  6.9394, 3.50402,  769.381
  6.9126, 3.50063,  769.443
  6.9107, 3.49945,  769.506
  6.9244, 3.50042,  769.569
  6.9581, 3.50432,  769.569
  6.9380, 3.50342,  769.631
  6.9391, 3.50337,  769.631
  6.8900, 3.49930,  769.757
  6.9349, 3.50214,  769.819
  6.9236, 3.50164,  769.882
  6.9621, 3.50453,  769.757
  6.9379, 3.50350,  769.757
  6.8674, 3.49530,  769.882
  6.8553, 3.49388,  769.945
  6.8793, 3.49507,  770.007
  6.9241, 3.49864,  770.070
  6.9338, 3.50260,  770.195
  6.9218, 3.50104,  770.446
  6.9526, 3.50429,  770.634
  6.9439, 3.50345,  770.696
  6.9619, 3.50387,  770.696
  6.9706, 3.50513,  770.571
  6.9558, 3.50381,  770.446
  6.9708, 3.50588,  770.383
  6.9692, 3.50559,  770.258
  6.9039, 3.49986,  770.258
  6.9021, 3.49868,  770.320
  6.9465, 3.50194,  770.383
  6.9579, 3.50381,  770.320
  6.9670, 3.50472,  770.258
  6.9650, 3.50487,  770.195
  6.9984, 3.50730,  770.195
  7.0024, 3.50829,  770.195
  6.9703, 3.50572,  770.133
  6.9680, 3.50485,  770.070
  6.9675, 3.50475,  770.007
  6.9519, 3.50430,  770.070
  7.0327, 3.51049,  770.070
  7.1513, 3.52321,  770.133
  7.1739, 3.52687,  770.070
  7.1619, 3.52497,  769.819
  7.1657, 3.52569,  769.631
  6.9736, 3.50990,  769.506
  6.9581, 3.50408,  769.381
  7.1064, 3.51647,  769.255
  7.0940, 3.51866,  769.255
  7.0869, 3.51606,  769.068
  7.1074, 3.51765,  768.880
  7.0808, 3.51842,  768.692
  7.0960, 3.51832,  768.504
  7.1064, 3.51974,  768.378
  7.0775, 3.51664,  768.316
  7.0728, 3.51413,  768.316
  7.0710, 3.51388,  768.316
  7.0736, 3.51444,  768.316
  7.1001, 3.51706,  768.253
  7.0813, 3.51705,  768.191
  7.0817, 3.51705,  768.128
  7.0644, 3.51524,  768.065
  7.0581, 3.51341,  768.003
  7.0536, 3.51319,  767.940
  7.0665, 3.51409,  767.877
  7.0692, 3.51588,  767.877
  6.9330, 3.50722,  767.877
  6.9215, 3.50083,  767.815
  6.9612, 3.50304,  767.752
  6.9719, 3.50642,  767.815
  6.9951, 3.50793,  767.815
  7.0037, 3.50854,  767.877
  7.0289, 3.51082,  767.940
  7.0230, 3.51118,  768.003
  7.0248, 3.51100,  768.065
  7.0329, 3.51147,  768.128
  7.0240, 3.51137,  768.128
  6.9010, 3.50301,  768.191
  6.8617, 3.49547,  768.191
  6.8631, 3.49506,  768.253
  6.8658, 3.49623,  768.378
  6.8574, 3.49446,  768.504
  6.9001, 3.49687,  768.629
  7.0081, 3.50876,  768.754
  6.9926, 3.50785,  768.942
  6.9798, 3.50748,  769.068
  6.9024, 3.50096,  769.193
  6.8843, 3.49739,  769.318
  6.8507, 3.49438,  769.443
  6.8492, 3.49318,  769.694
  6.9138, 3.49743,  769.882
  6.9813, 3.50670,  770.070
  6.9764, 3.50527,  770.320
  6.9751, 3.50544,  770.508
  6.9785, 3.50576,  770.634
  6.9744, 3.50560,  770.822
  6.9781, 3.50681,  771.010
  6.9796, 3.50633,  771.260
  6.9773, 3.50548,  771.511
  7.0067, 3.50748,  771.636
  7.0039, 3.50814,  771.761
  7.0178, 3.50942,  771.887
  7.0177, 3.50986,  772.012
  7.0136, 3.50931,  772.200
  6.9990, 3.50817,  772.388
  6.9597, 3.50451,  772.576
  7.0090, 3.50800,  772.764
  7.0016, 3.50891,  772.952
  7.0108, 3.50897,  773.202
  7.0094, 3.50876,  773.390
  6.9996, 3.50816,  773.641
  6.9861, 3.50697,  773.891
  6.9709, 3.50524,  774.204
  6.9593, 3.50423,  774.518
  6.9575, 3.50404,  774.706
  6.9546, 3.50380,  774.768
  6.9590, 3.50404,  774.706
  6.9977, 3.50774,  774.643
  6.9872, 3.50844,  774.580
  6.9388, 3.50226,  774.455
  6.9383, 3.50208,  774.267
  6.9486, 3.50277,  774.079
  6.9583, 3.50359,  773.954
  6.9555, 3.50371,  773.829
  6.9294, 3.50172,  773.641
  6.9252, 3.50063,  773.390
  6.9373, 3.50118,  773.077
  6.9137, 3.50041,  772.701
  6.8947, 3.49788,  772.262
  6.9020, 3.49936,  771.887
  6.8572, 3.49676,  771.573
  6.8680, 3.49566,  771.511
  6.9779, 3.50144,  771.448
  7.1325, 3.51963,  771.260
  7.1246, 3.52065,  771.135
  7.0939, 3.51856,  770.947
  6.9668, 3.50660,  770.822
  6.9416, 3.50259,  770.634
  6.9262, 3.50134,  770.383
  6.9132, 3.50001,  770.133
  6.9107, 3.49981,  769.945
  6.9206, 3.49968,  769.757
  6.9619, 3.50333,  769.631
  6.9879, 3.50703,  769.443
  6.9827, 3.50717,  769.255
  7.0049, 3.50760,  769.130
  7.0955, 3.51667,  769.068
  7.1142, 3.51885,  769.005
  7.1111, 3.51892,  768.880
  7.0006, 3.51541,  768.817
  6.9345, 3.50284,  768.629
  6.8967, 3.49888,  768.504
  6.9091, 3.49890,  768.441
  6.9402, 3.50210,  768.378
  6.9467, 3.50313,  768.316
  6.9502, 3.50348,  768.253
  6.9460, 3.50329,  768.128
  6.8911, 3.49955,  768.065
  6.8454, 3.49430,  768.003
  6.8353, 3.49250,  767.877
  6.8611, 3.49476,  767.815
  6.8427, 3.49393,  767.815
  6.8054, 3.49077,  767.815
  6.8473, 3.49192,  767.815
  6.8846, 3.49686,  767.877
  6.8986, 3.49882,  767.877
  6.8927, 3.49844,  767.877
  6.8932, 3.49839,  767.877
  6.8715, 3.49650,  767.877
  6.8661, 3.49582,  767.877
  6.9066, 3.49840,  767.940
  6.9984, 3.50637,  768.003
  7.0517, 3.51249,  768.065
  7.0577, 3.51437,  768.128
  7.0617, 3.51444,  768.191
  7.0365, 3.51267,  768.253
  7.0295, 3.51148,  768.378
  7.0610, 3.51353,  768.441
  7.0789, 3.51541,  768.566
  7.0828, 3.51649,  768.629
  7.0836, 3.51633,  768.754
  7.1087, 3.51793,  768.880
  7.0972, 3.51747,  768.880
  7.0599, 3.51535,  768.817
  6.9804, 3.50986,  768.754
  6.9827, 3.50547,  768.754
  7.0136, 3.50915,  768.754
  7.0252, 3.51088,  768.754
  7.0327, 3.51149,  768.754
  7.0447, 3.51295,  768.817
  7.0506, 3.51335,  768.942
  7.0949, 3.51715,  769.068
  7.0665, 3.51467,  769.068
  7.0580, 3.51426,  769.005
  6.9521, 3.50583,  769.005
  6.8606, 3.49583,  768.880
  6.7965, 3.49055,  768.880
  6.7934, 3.48863,  768.880
  6.8687, 3.49330,  768.880
  6.9028, 3.49910,  768.942
  6.9402, 3.50209,  769.005
  6.9519, 3.50338,  769.068
  6.9701, 3.50530,  769.193
  7.0167, 3.51024,  769.318
  6.9834, 3.50587,  769.381
  7.0023, 3.50795,  769.443
  7.0196, 3.50981,  769.506
  7.0183, 3.50992,  769.506
  6.9611, 3.50488,  769.506
  6.9634, 3.50376,  769.443
  6.9660, 3.50448,  769.381
  7.0063, 3.50823,  769.193
  7.0160, 3.50960,  769.130
  7.0305, 3.51059,  769.068
  7.0347, 3.51164,  769.068
  7.0511, 3.51212,  769.068
  7.0618, 3.51385,  769.005
  7.0613, 3.51390,  768.942
  7.0353, 3.51254,  768.817
  6.9825, 3.50644,  768.754
  6.9760, 3.50563,  768.692
  6.9694, 3.50529,  768.629
  6.9649, 3.50503,  768.566
  6.9663, 3.50453,  768.504
  7.0474, 3.50934,  768.504
  7.0728, 3.51535,  768.566
  7.0125, 3.51147,  768.629
  6.8763, 3.49960,  768.754
  6.8696, 3.49511,  768.817
  6.8731, 3.49547,  768.817
  6.8931, 3.49687,  768.880
  6.9559, 3.50167,  768.942
  7.0618, 3.51268,  768.942
  7.0665, 3.51487,  769.005
  6.9640, 3.50841,  769.005
  6.8942, 3.49959,  768.942
  6.8679, 3.49517,  768.942
  6.8371, 3.49195,  768.942
  6.8537, 3.49356,  768.942
  6.9220, 3.49842,  768.942
  6.9258, 3.50113,  768.942
  6.8326, 3.49265,  769.068
  6.7399, 3.48346,  769.255
  6.7405, 3.48254,  769.381
  6.7843, 3.48519,  769.443
  6.8531, 3.49344,  769.443
  6.7955, 3.48978,  769.506
  6.7567, 3.48425,  769.506
  6.7381, 3.48249,  769.631
  6.7656, 3.48378,  769.694
  6.8896, 3.49360,  769.819
  6.9917, 3.50602,  770.007
  6.9876, 3.50764,  770.133
  6.9384, 3.50344,  770.258
  6.8475, 3.49440,  770.383
  6.8023, 3.48779,  770.446
  6.9150, 3.49867,  770.571
  7.0013, 3.50562,  770.759
  7.0618, 3.51270,  770.884
  7.0934, 3.51718,  771.010
  7.0603, 3.51560,  771.135
  7.0403, 3.51276,  771.135
  7.0362, 3.51100,  771.197
  7.0640, 3.51475,  771.197
  7.0502, 3.51350,  771.197
  7.0046, 3.50808,  771.135
  7.0099, 3.50868,  771.072
  7.0070, 3.50872,  771.010
  7.0067, 3.50937,  770.947
  6.9492, 3.50241,  770.884
  6.9842, 3.50412,  770.822
  7.1086, 3.51708,  770.759
  7.2139, 3.52734,  770.759
  7.1060, 3.51944,  770.696
  6.9663, 3.50576,  770.571
  6.9360, 3.50179,  770.383
  6.9343, 3.50150,  770.195
  6.9440, 3.50165,  770.007
  6.9371, 3.50108,  769.819
  6.9422, 3.50148,  769.757
  6.9647, 3.50271,  769.694
  7.0352, 3.51074,  769.569
  7.0006, 3.50830,  769.506
  6.9405, 3.50233,  769.443
  6.9425, 3.50332,  769.318
  6.9474, 3.50339,  769.193
  6.9372, 3.50224,  769.068
  6.9409, 3.50125,  769.005
  6.9332, 3.50084,  768.942
  6.9330, 3.50078,  768.942
  6.9431, 3.50214,  769.005
  6.9424, 3.50233,  769.005
  6.9419, 3.50224,  769.005
  6.9383, 3.50213,  769.005
  6.8622, 3.49639,  769.068
  6.8568, 3.49503,  769.005
  6.8817, 3.49711,  768.880
  6.9048, 3.49909,  768.817
  6.9108, 3.49980,  768.754
  6.9158, 3.50009,  768.692
  6.9338, 3.50127,  768.692
  7.0213, 3.50814,  768.629
  6.9902, 3.50873,  768.566
  6.9125, 3.50044,  768.441
  6.8907, 3.49835,  768.378
  6.9316, 3.49991,  768.378
  6.9707, 3.50525,  768.441
  6.9951, 3.50681,  768.504
  6.9947, 3.50771,  768.629
  6.9772, 3.50574,  768.754
  6.9752, 3.50575,  768.817
  6.9467, 3.50363,  768.817
  6.9435, 3.50282,  768.880
  7.0027, 3.50593,  768.942
  7.0543, 3.51108,  768.942
  7.0739, 3.51534,  768.942
  7.0005, 3.51009,  768.880
  6.9745, 3.50568,  768.754
  6.9431, 3.50297,  768.629
  6.9323, 3.50194,  768.441
  6.9358, 3.50180,  768.316
  6.9329, 3.50172,  768.253
  6.9378, 3.50187,  768.191
  6.9824, 3.50466,  768.128
  6.9941, 3.50725,  768.065
  6.9917, 3.50715,  768.003
  6.9900, 3.50726,  768.003
  6.9873, 3.50647,  768.003
  6.9912, 3.50719,  768.003
  6.9736, 3.50577,  768.003
  6.9083, 3.50040,  767.940
  6.8979, 3.49870,  767.940
  6.8917, 3.49805,  767.877
  6.8816, 3.49739,  767.877
  6.8806, 3.49666,  767.877
  6.9229, 3.49852,  767.877
  6.9638, 3.50353,  767.940
  7.0162, 3.50813,  768.003
  7.0210, 3.51002,  768.065
  6.9245, 3.50274,  768.128
  6.8976, 3.49876,  768.128
  6.9035, 3.49851,  768.128
  6.9666, 3.50181,  768.191
  7.1127, 3.51570,  768.253
  6.9543, 3.50728,  768.316
  6.9212, 3.50015,  768.378
  6.9128, 3.49913,  768.441
  6.9290, 3.50050,  768.504
  6.9525, 3.50225,  768.441
  7.0584, 3.51156,  768.378
  7.0320, 3.51337,  768.316
  6.9312, 3.50234,  768.191
  6.9136, 3.49957,  768.128
  6.9510, 3.50106,  768.065
  7.0423, 3.50790,  768.003
  7.1160, 3.51725,  768.003
  7.0876, 3.51443,  767.940
  7.1195, 3.51865,  767.940
  7.0827, 3.51648,  767.940
  7.0746, 3.51486,  767.940
  7.0259, 3.51110,  767.940
  7.0392, 3.51198,  767.940
  7.0804, 3.51508,  768.003
  7.1256, 3.51792,  767.940
  7.0375, 3.51617,  768.003
  6.9189, 3.50102,  768.003
  6.9060, 3.49892,  768.003
  6.9424, 3.49968,  768.003
  7.0838, 3.51021,  767.940
  7.1039, 3.51889,  767.940
  6.9896, 3.51041,  767.940
  6.9820, 3.50703,  768.003
  6.9427, 3.50342,  768.003
  6.9511, 3.50312,  768.003
  6.9438, 3.50276,  768.003
  6.9516, 3.50317,  768.003
  6.9555, 3.50443,  768.003
  6.9261, 3.50175,  768.065
  6.9315, 3.50176,  768.128
  6.9080, 3.50063,  768.128
  6.8996, 3.49862,  768.128
  6.8397, 3.49485,  768.191
  6.7777, 3.48968,  768.253
  6.7547, 3.48486,  768.316
  6.8457, 3.49061,  768.378
  6.8681, 3.49501,  768.504
  6.9066, 3.49912,  768.692
  6.9036, 3.49881,  768.817
  6.9068, 3.49922,  768.942
  6.9212, 3.49967,  769.068
  7.0154, 3.50619,  769.068
  7.0230, 3.50983,  769.130
  7.0190, 3.51115,  769.130
  6.9739, 3.50709,  769.193
  6.9326, 3.50119,  769.255
  6.9426, 3.50249,  769.381
  6.9936, 3.50576,  769.506
  7.0225, 3.50983,  769.694
  6.9908, 3.50772,  769.945
  7.0259, 3.50980,  770.070
  7.0195, 3.51145,  770.195
  6.9742, 3.50666,  770.195
  6.9077, 3.50068,  770.133
  6.8339, 3.49301,  770.070
  6.9150, 3.50008,  770.007
  6.9337, 3.50141,  770.007
  6.9377, 3.50191,  769.945
  7.0141, 3.50684,  769.945
  7.0573, 3.51352,  769.945
  7.0716, 3.51669,  769.945
  7.0113, 3.51080,  769.945
  6.9299, 3.50204,  769.882
  6.9220, 3.50049,  769.882
  7.0060, 3.50817,  769.819
  7.0537, 3.51373,  769.882
  7.0811, 3.51508,  769.882
  7.0894, 3.51746,  769.882
  7.0564, 3.51421,  769.882
  7.0780, 3.51688,  769.819
  7.0558, 3.51472,  769.631
  6.9765, 3.50724,  769.381
  6.9129, 3.50028,  769.193
  6.9154, 3.49972,  769.005
  6.9906, 3.50611,  768.880
  7.1650, 3.52176,  768.942
  7.0297, 3.51538,  769.005
  6.9995, 3.50826,  769.005
  7.0181, 3.50904,  768.942
  7.0503, 3.51300,  768.817
  7.0197, 3.51124,  768.629
  6.9947, 3.50885,  768.504
  6.9665, 3.50589,  768.378
  6.9520, 3.50424,  768.253
  6.9400, 3.50315,  768.191
  6.9247, 3.50108,  768.128
  6.9245, 3.50089,  768.065
  6.9955, 3.50604,  767.940
  7.0102, 3.50888,  767.877
  6.9962, 3.50859,  767.815
  6.9851, 3.50715,  767.815
  7.0038, 3.50799,  767.752
  7.0518, 3.51175,  767.689
  7.1439, 3.52125,  767.627
  7.1864, 3.52594,  767.627
  7.0681, 3.51788,  767.689
  6.9832, 3.50731,  767.689
  7.0617, 3.50979,  767.689
  7.2209, 3.52844,  767.627
  7.1287, 3.52566,  767.627
  6.9601, 3.50605,  767.689
  6.9595, 3.50380,  767.689
  7.1498, 3.51898,  767.689
  7.1970, 3.52841,  767.689
  7.0929, 3.52113,  767.689
  6.9934, 3.51259,  767.689
  6.8924, 3.49946,  767.689
  6.9034, 3.49864,  767.627
  6.9555, 3.50171,  767.564
  7.0224, 3.51030,  767.502
  6.9530, 3.50606,  767.502
  6.8917, 3.49960,  767.439
  6.8986, 3.49875,  767.439
  6.9013, 3.49920,  767.376
  6.8957, 3.49851,  767.376
  6.8673, 3.49557,  767.376
  6.8752, 3.49694,  767.376
  6.8828, 3.49655,  767.439
  6.9180, 3.50000,  767.439
  6.9238, 3.50113,  767.376
  6.9200, 3.50091,  767.376
  6.8939, 3.49899,  767.376
  6.9000, 3.49853,  767.376
  6.9116, 3.49984,  767.376
  6.9117, 3.49985,  767.439
  6.9121, 3.49987,  767.439
  6.9266, 3.50040,  767.502
  6.9359, 3.50175,  767.564
  6.9354, 3.50156,  767.564
  6.9298, 3.50157,  767.627
  6.9367, 3.50242,  767.689
  6.9352, 3.50182,  767.815
  6.9947, 3.50645,  767.877
  7.0885, 3.51591,  767.940
  7.1038, 3.51776,  767.940
  7.0788, 3.51726,  767.940
