data/SBE37-2971.cnv
* Sea-Bird SBE37 Data File:
* FileName = \\science1\Voyages\Current\science\SOTS\SAZ-19-2017 data\SBE37-2971\SBE37-2971.asc
* Software Version 1.59
* Temperature SN = 2971
* Conductivity SN = 2971
* System UpLoad Time = Mar 12 2018 04:17:44
** Time error:
** UTC time: 2018-03-11 03:26:27
** SBE37 time: 2018-03-11  03:29:12
# nquan = 4
# nvalues =    51718
# units = metric
# name 0 = t090: temperature, ITS-90 [deg C]
# name 1 = c0S/m: conductivity [S/m]
# name 2 = pr: pressure [db]
# name 3 = flag:  0.000e+00
# span 0 = 1.0001, 23.3391            
# span 1 = 0.00000, 4.29811           
# span 2 = -0.035, 4519.866           
# span 3 = 0.000e+00, 0.000e+00       
# interval = seconds: 600
# start_time = Mar 17 2017 00:00:01
# bad_flag = -9.990e-29
*END*
[from data line 19912]
     1.0614    3.15214   4519.239  0.000e+00
     1.0620    3.15218   4519.239  0.000e+00
     1.0609    3.15210   4519.239  0.000e+00
     1.0623    3.15220   4519.239  0.000e+00
     1.0616    3.15218   4519.239  0.000e+00
     1.0616    3.15223   4519.239  0.000e+00
     1.0634    3.15234   4519.239  0.000e+00
     1.0630    3.15229   4519.239  0.000e+00
     1.0630    3.15226   4519.239  0.000e+00
     1.0624    3.15225   4519.239  0.000e+00
     1.0622    3.15221   4519.239  0.000e+00
     1.0620    3.15220   4519.239  0.000e+00
     1.0615    3.15219   4519.239  0.000e+00
     1.0616    3.15217   4519.239  0.000e+00
     1.0620    3.15217   4519.239  0.000e+00
     1.0613    3.15219   4519.113  0.000e+00
     1.0618    3.15219   4519.239  0.000e+00
     1.0621    3.15220   4519.113  0.000e+00
     1.0619    3.15219   4519.113  0.000e+00
     1.0618    3.15217   4519.113  0.000e+00
     1.0617    3.15217   4519.113  0.000e+00
     1.0615    3.15212   4519.113  0.000e+00
     1.0611    3.15211   4519.113  0.000e+00
     1.0610    3.15207   4519.113  0.000e+00
     1.0610    3.15209   4519.113  0.000e+00
     1.0612    3.15210   4518.988  0.000e+00
     1.0607    3.15210   4519.113  0.000e+00
     1.0615    3.15213   4519.113  0.000e+00
     1.0617    3.15213   4518.988  0.000e+00
     1.0612    3.15211   4518.988  0.000e+00
     1.0612    3.15213   4518.988  0.000e+00
     1.0606    3.15209   4518.988  0.000e+00
     1.0607    3.15205   4518.988  0.000e+00
     1.0606    3.15206   4518.988  0.000e+00
     1.0603    3.15204   4518.988  0.000e+00
     1.0599    3.15200   4518.988  0.000e+00
     1.0597    3.15197   4518.988  0.000e+00
     1.0585    3.15188   4518.988  0.000e+00
     1.0575    3.15181   4518.988  0.000e+00
     1.0579    3.15184   4518.988  0.000e+00
     1.0566    3.15172   4518.988  0.000e+00
     1.0563    3.15167   4518.988  0.000e+00
     1.0561    3.15168   4518.988  0.000e+00
     1.0563    3.15167   4518.988  0.000e+00
     1.0560    3.15166   4518.988  0.000e+00
     1.0558    3.15164   4518.988  0.000e+00
     1.0558    3.15161   4518.988  0.000e+00
     1.0564    3.15165   4518.988  0.000e+00
     1.0566    3.15167   4518.988  0.000e+00
     1.0565    3.15169   4518.988  0.000e+00
     1.0566    3.15169   4518.988  0.000e+00
     1.0570    3.15172   4518.988  0.000e+00
     1.0568    3.15172   4518.988  0.000e+00
     1.0574    3.15174   4518.988  0.000e+00
     1.0573    3.15176   4518.988  0.000e+00
     1.0571    3.15174   4518.988  0.000e+00
     1.0574    3.15175   4518.988  0.000e+00
     1.0572    3.15175   4518.988  0.000e+00
     1.0578    3.15185   4518.988  0.000e+00
     1.0604    3.15203   4518.988  0.000e+00
     1.0605    3.15204   4518.988  0.000e+00
     1.0610    3.15210   4518.988  0.000e+00
     1.0608    3.15209   4518.988  0.000e+00
     1.0608    3.15210   4518.988  0.000e+00
     1.0613    3.15212   4519.113  0.000e+00
     1.0617    3.15215   4519.113  0.000e+00
     1.0617    3.15218   4519.113  0.000e+00
     1.0628    3.15223   4519.113  0.000e+00
     1.0626    3.15223   4519.113  0.000e+00
     1.0614    3.15215   4519.113  0.000e+00
     1.0610    3.15212   4519.113  0.000e+00
     1.0614    3.15212   4519.113  0.000e+00
     1.0618    3.15218   4519.113  0.000e+00
     1.0628    3.15225   4519.113  0.000e+00
     1.0630    3.15230   4519.113  0.000e+00
     1.0629    3.15225   4519.113  0.000e+00
     1.0628    3.15225   4519.113  0.000e+00
     1.0623    3.15223   4519.113  0.000e+00
     1.0622    3.15226   4519.113  0.000e+00
     1.0609    3.15213   4519.239  0.000e+00
     1.0611    3.15212   4519.239  0.000e+00
     1.0612    3.15211   4519.239  0.000e+00
     1.0618    3.15218   4519.239  0.000e+00
     1.0609    3.15210   4519.239  0.000e+00
     1.0609    3.15213   4519.239  0.000e+00
     1.0615    3.15213   4519.239  0.000e+00
     1.0625    3.15217   4519.239  0.000e+00
     1.0619    3.15217   4519.239  0.000e+00
     1.0609    3.15212   4519.239  0.000e+00
     1.0605    3.15212   4519.239  0.000e+00
     1.0614    3.15217   4519.239  0.000e+00
     1.0610    3.15211   4519.239  0.000e+00
     1.0612    3.15212   4519.364  0.000e+00
     1.0612    3.15212   4519.364  0.000e+00
     1.0612    3.15211   4519.239  0.000e+00
     1.0610    3.15213   4519.364  0.000e+00
     1.0608    3.15211   4519.364  0.000e+00
     1.0613    3.15213   4519.239  0.000e+00
     1.0609    3.15211   4519.364  0.000e+00
     1.0605    3.15209   4519.364  0.000e+00
     1.0607    3.15209   4519.364  0.000e+00
     1.0604    3.15206   4519.364  0.000e+00
     1.0595    3.15198   4519.239  0.000e+00
     1.0594    3.15196   4519.239  0.000e+00
     1.0598    3.15195   4519.364  0.000e+00
     1.0607    3.15204   4519.239  0.000e+00
     1.0608    3.15209   4519.364  0.000e+00
     1.0602    3.15205   4519.239  0.000e+00
     1.0598    3.15200   4519.364  0.000e+00
     1.0594    3.15197   4519.239  0.000e+00
     1.0589    3.15191   4519.364  0.000e+00
     1.0589    3.15195   4519.239  0.000e+00
     1.0594    3.15197   4519.364  0.000e+00
     1.0593    3.15195   4519.364  0.000e+00
     1.0587    3.15191   4519.364  0.000e+00
     1.0584    3.15189   4519.239  0.000e+00
     1.0587    3.15188   4519.239  0.000e+00
     1.0587    3.15189   4519.239  0.000e+00
     1.0585    3.15189   4519.364  0.000e+00
     1.0586    3.15191   4519.239  0.000e+00
     1.0585    3.15190   4519.239  0.000e+00
     1.0587    3.15191   4519.239  0.000e+00
     1.0587    3.15189   4519.239  0.000e+00
     1.0586    3.15189   4519.239  0.000e+00
     1.0600    3.15194   4519.239  0.000e+00
     1.0602    3.15203   4519.239  0.000e+00
     1.0609    3.15209   4519.239  0.000e+00
     1.0609    3.15209   4519.239  0.000e+00
     1.0609    3.15210   4519.239  0.000e+00
     1.0609    3.15212   4519.239  0.000e+00
     1.0608    3.15207   4519.239  0.000e+00
     1.0608    3.15207   4519.239  0.000e+00
     1.0608    3.15209   4519.239  0.000e+00
     1.0611    3.15210   4519.239  0.000e+00
     1.0609    3.15209   4519.239  0.000e+00
     1.0616    3.15218   4519.239  0.000e+00
     1.0612    3.15218   4519.239  0.000e+00
     1.0614    3.15220   4519.239  0.000e+00
     1.0593    3.15198   4519.239  0.000e+00
     1.0602    3.15209   4519.239  0.000e+00
     1.0593    3.15191   4519.239  0.000e+00
     1.0596    3.15192   4519.239  0.000e+00
     1.0590    3.15191   4519.239  0.000e+00
     1.0586    3.15188   4519.239  0.000e+00
     1.0585    3.15188   4519.239  0.000e+00
     1.0581    3.15185   4519.239  0.000e+00
     1.0583    3.15183   4519.239  0.000e+00
     1.0577    3.15181   4519.239  0.000e+00
     1.0577    3.15180   4519.239  0.000e+00
     1.0585    3.15187   4519.239  0.000e+00
     1.0583    3.15188   4519.239  0.000e+00
     1.0585    3.15184   4519.239  0.000e+00
     1.0579    3.15184   4519.239  0.000e+00
     1.0575    3.15180   4519.239  0.000e+00
     1.0576    3.15180   4519.239  0.000e+00
     1.0572    3.15176   4519.239  0.000e+00
     1.0571    3.15177   4519.239  0.000e+00
     1.0569    3.15175   4519.239  0.000e+00
     1.0570    3.15174   4519.239  0.000e+00
     1.0571    3.15174   4519.113  0.000e+00
     1.0568    3.15175   4519.113  0.000e+00
     1.0555    3.15164   4519.239  0.000e+00
     1.0543    3.15149   4519.113  0.000e+00
     1.0546    3.15150   4519.113  0.000e+00
     1.0563    3.15162   4519.113  0.000e+00
     1.0560    3.15166   4519.113  0.000e+00
     1.0550    3.15167   4519.113  0.000e+00
     1.0544    3.15157   4519.113  0.000e+00
     1.0544    3.15149   4519.113  0.000e+00
     1.0548    3.15164   4519.113  0.000e+00
     1.0538    3.15147   4519.113  0.000e+00
     1.0532    3.15139   4519.113  0.000e+00
     1.0545    3.15147   4519.113  0.000e+00
     1.0545    3.15153   4519.113  0.000e+00
     1.0529    3.15127   4519.113  0.000e+00
     1.0495    3.15110   4519.113  0.000e+00
     1.0495    3.15107   4518.988  0.000e+00
     1.0493    3.15106   4518.988  0.000e+00
     1.0495    3.15105   4518.988  0.000e+00
     1.0486    3.15100   4518.988  0.000e+00
     1.0482    3.15096   4518.988  0.000e+00
     1.0482    3.15095   4518.988  0.000e+00
     1.0487    3.15097   4518.988  0.000e+00
     1.0481    3.15092   4518.988  0.000e+00
     1.0486    3.15099   4518.988  0.000e+00
     1.0483    3.15095   4518.988  0.000e+00
     1.0482    3.15095   4518.988  0.000e+00
     1.0482    3.15096   4518.988  0.000e+00
     1.0485    3.15098   4518.988  0.000e+00
     1.0490    3.15099   4518.988  0.000e+00
     1.0499    3.15105   4518.988  0.000e+00
     1.0490    3.15105   4518.988  0.000e+00
     1.0488    3.15103   4518.988  0.000e+00
     1.0500    3.15110   4518.988  0.000e+00
     1.0511    3.15120   4518.988  0.000e+00
     1.0511    3.15123   4518.988  0.000e+00
     1.0518    3.15134   4518.988  0.000e+00
     1.0531    3.15138   4518.988  0.000e+00
     1.0542    3.15146   4518.988  0.000e+00
     1.0557    3.15158   4518.988  0.000e+00
     1.0556    3.15159   4518.988  0.000e+00
     1.0551    3.15158   4518.988  0.000e+00
     1.0547    3.15157   4518.988  0.000e+00
     1.0550    3.15153   4518.988  0.000e+00
     1.0563    3.15158   4518.988  0.000e+00
     1.0573    3.15172   4518.988  0.000e+00
     1.0591    3.15194   4518.988  0.000e+00
     1.0586    3.15188   4518.988  0.000e+00
     1.0597    3.15198   4518.988  0.000e+00
     1.0599    3.15200   4518.988  0.000e+00
     1.0609    3.15206   4518.988  0.000e+00
     1.0612    3.15210   4518.988  0.000e+00
     1.0610    3.15211   4518.988  0.000e+00
     1.0609    3.15210   4518.988  0.000e+00
     1.0611    3.15210   4518.988  0.000e+00
     1.0612    3.15211   4518.988  0.000e+00
     1.0611    3.15209   4518.988  0.000e+00
     1.0609    3.15207   4518.988  0.000e+00
     1.0602    3.15204   4519.113  0.000e+00
     1.0604    3.15204   4518.988  0.000e+00
     1.0602    3.15204   4519.113  0.000e+00
     1.0600    3.15202   4519.113  0.000e+00
     1.0601    3.15203   4519.113  0.000e+00
     1.0606    3.15204   4519.113  0.000e+00
     1.0610    3.15209   4519.113  0.000e+00
     1.0611    3.15210   4519.113  0.000e+00
     1.0614    3.15214   4519.113  0.000e+00
     1.0617    3.15218   4519.113  0.000e+00
     1.0612    3.15211   4519.113  0.000e+00
     1.0612    3.15212   4519.113  0.000e+00
     1.0614    3.15213   4519.113  0.000e+00
     1.0611    3.15210   4519.239  0.000e+00
     1.0620    3.15215   4519.239  0.000e+00
     1.0621    3.15218   4519.239  0.000e+00
     1.0605    3.15206   4519.239  0.000e+00
     1.0614    3.15213   4519.239  0.000e+00
     1.0613    3.15214   4519.239  0.000e+00
     1.0609    3.15205   4519.239  0.000e+00
     1.0604    3.15212   4519.239  0.000e+00
     1.0608    3.15207   4519.239  0.000e+00
     1.0611    3.15209   4519.239  0.000e+00
     1.0608    3.15207   4519.239  0.000e+00
     1.0607    3.15209   4519.239  0.000e+00
     1.0605    3.15206   4519.239  0.000e+00
     1.0607    3.15206   4519.364  0.000e+00
     1.0591    3.15197   4519.239  0.000e+00
     1.0584    3.15189   4519.239  0.000e+00
     1.0584    3.15189   4519.364  0.000e+00
     1.0593    3.15196   4519.364  0.000e+00
     1.0594    3.15195   4519.364  0.000e+00
     1.0594    3.15197   4519.239  0.000e+00
     1.0599    3.15199   4519.364  0.000e+00
     1.0590    3.15200   4519.364  0.000e+00
     1.0594    3.15198   4519.364  0.000e+00
     1.0603    3.15203   4519.364  0.000e+00
     1.0598    3.15200   4519.364  0.000e+00
     1.0598    3.15199   4519.364  0.000e+00
     1.0591    3.15192   4519.364  0.000e+00
     1.0570    3.15173   4519.364  0.000e+00
     1.0569    3.15176   4519.364  0.000e+00
     1.0557    3.15164   4519.364  0.000e+00
     1.0560    3.15167   4519.364  0.000e+00
     1.0567    3.15170   4519.364  0.000e+00
     1.0566    3.15170   4519.364  0.000e+00
     1.0567    3.15169   4519.364  0.000e+00
     1.0574    3.15172   4519.364  0.000e+00
     1.0561    3.15174   4519.364  0.000e+00
     1.0555    3.15164   4519.364  0.000e+00
     1.0565    3.15164   4519.364  0.000e+00
     1.0566    3.15168   4519.364  0.000e+00
     1.0573    3.15174   4519.239  0.000e+00
     1.0581    3.15175   4519.239  0.000e+00
     1.0591    3.15182   4519.239  0.000e+00
     1.0583    3.15182   4519.239  0.000e+00
     1.0580    3.15181   4519.239  0.000e+00
     1.0587    3.15187   4519.239  0.000e+00
     1.0583    3.15183   4519.239  0.000e+00
     1.0586    3.15190   4519.239  0.000e+00
     1.0588    3.15188   4519.239  0.000e+00
     1.0575    3.15183   4519.239  0.000e+00
     1.0575    3.15179   4519.239  0.000e+00
     1.0580    3.15187   4519.239  0.000e+00
     1.0590    3.15192   4519.239  0.000e+00
     1.0581    3.15184   4519.239  0.000e+00
     1.0577    3.15180   4519.239  0.000e+00
     1.0570    3.15174   4519.239  0.000e+00
     1.0578    3.15177   4519.239  0.000e+00
     1.0580    3.15180   4519.239  0.000e+00
     1.0573    3.15177   4519.239  0.000e+00
     1.0582    3.15183   4519.239  0.000e+00
     1.0568    3.15180   4519.239  0.000e+00
     1.0569    3.15174   4519.113  0.000e+00
     1.0578    3.15180   4519.239  0.000e+00
     1.0570    3.15185   4519.239  0.000e+00
     1.0571    3.15176   4519.239  0.000e+00
     1.0580    3.15185   4519.113  0.000e+00
     1.0585    3.15189   4519.113  0.000e+00
     1.0579    3.15182   4519.113  0.000e+00
     1.0571    3.15179   4519.113  0.000e+00
     1.0572    3.15174   4519.113  0.000e+00
     1.0577    3.15180   4519.113  0.000e+00
     1.0573    3.15179   4519.113  0.000e+00
     1.0560    3.15170   4519.113  0.000e+00
     1.0543    3.15151   4519.113  0.000e+00
     1.0565    3.15166   4519.113  0.000e+00
     1.0553    3.15162   4519.113  0.000e+00
     1.0555    3.15158   4519.113  0.000e+00
     1.0544    3.15158   4519.113  0.000e+00
     1.0553    3.15154   4519.113  0.000e+00
     1.0542    3.15151   4519.113  0.000e+00
     1.0535    3.15152   4519.113  0.000e+00
     1.0523    3.15136   4519.113  0.000e+00
     1.0542    3.15144   4519.113  0.000e+00
     1.0519    3.15125   4519.113  0.000e+00
     1.0527    3.15127   4519.113  0.000e+00
     1.0499    3.15117   4519.113  0.000e+00
     1.0532    3.15126   4519.113  0.000e+00
     1.0510    3.15122   4519.113  0.000e+00
     1.0506    3.15119   4519.113  0.000e+00
     1.0533    3.15135   4519.113  0.000e+00
     1.0487    3.15103   4519.113  0.000e+00
     1.0479    3.15096   4519.113  0.000e+00
     1.0451    3.15064   4519.113  0.000e+00
     1.0457    3.15076   4518.988  0.000e+00
     1.0448    3.15069   4518.988  0.000e+00
     1.0465    3.15082   4518.988  0.000e+00
     1.0470    3.15079   4518.988  0.000e+00
     1.0463    3.15079   4518.988  0.000e+00
     1.0455    3.15074   4518.988  0.000e+00
     1.0422    3.15061   4518.988  0.000e+00
     1.0411    3.15039   4518.988  0.000e+00
     1.0411    3.15030   4518.988  0.000e+00
     1.0440    3.15051   4518.988  0.000e+00
     1.0415    3.15044   4518.988  0.000e+00
     1.0437    3.15054   4518.988  0.000e+00
     1.0418    3.15039   4518.988  0.000e+00
     1.0410    3.15032   4518.988  0.000e+00
     1.0417    3.15035   4518.988  0.000e+00
     1.0405    3.15035   4518.862  0.000e+00
     1.0414    3.15032   4518.862  0.000e+00
     1.0417    3.15034   4518.862  0.000e+00
     1.0405    3.15029   4518.988  0.000e+00
     1.0405    3.15027   4518.862  0.000e+00
     1.0406    3.15027   4518.988  0.000e+00
     1.0406    3.15028   4518.862  0.000e+00
     1.0407    3.15028   4518.862  0.000e+00
     1.0409    3.15029   4518.862  0.000e+00
     1.0410    3.15030   4518.862  0.000e+00
     1.0413    3.15031   4518.862  0.000e+00
     1.0408    3.15031   4518.862  0.000e+00
     1.0414    3.15034   4518.862  0.000e+00
     1.0428    3.15045   4518.862  0.000e+00
     1.0444    3.15058   4518.988  0.000e+00
     1.0459    3.15064   4518.862  0.000e+00
