data/SBE37SMP-ODO-RS232_03715969_2019_03_27.cnv
* Sea-Bird SBE37SMP-ODO-RS232  Data File:
* FileName = \\science1\Voyages\current\science\SOTS\SOFS-7.5 data\SBE37-15969-30m\SBE37SMP-ODO-RS232_03715969_2019_03_27.hex
* Software version SeatermV2 2.6.3.104
* Temperature SN = 15969
* Conductivity SN = 15969
* System UpLoad Time = Mar 27 2019 23:04:08
* sample interval = 1800 seconds
* <ApplicationData>
# nquan = 12
# nvalues = 11470                                 
# units = specified
# name 0 = timeK: Time, Instrument [seconds]
# name 1 = tv290C: Temperature [ITS-90, deg C]
# name 2 = cond0S/m: Conductivity [S/m]
# name 3 = prdM: Pressure, Strain Gauge [db]
# name 4 = sal00: Salinity, Practical [PSU]
# name 5 = sbeopoxMm/Kg: Oxygen, SBE 63 [umol/kg]
# name 6 = sbeopoxML/L: Oxygen, SBE 63 [ml/l]
# name 7 = sbeopoxMm/L: Oxygen, SBE 63 [umol/l]
# name 8 = sbeoxTC: Oxygen Temperature, SBE 63 [ITS-90, deg C]
# name 9 = oxsolMm/Kg: Oxygen Saturation, Garcia & Gordon [umol/kg]
# name 10 = density00: Density [density, kg/m^3]
# name 11 = flag:  0.000e+00
# span 0 =   84290670, 4261683010                 
# span 1 =   -44.9111,    99.0000                 
# span 2 = -99.000000,  81.119058                 
# span 3 = -48036.641,  49461.847                 
# span 4 =     0.0000,  1999.0000                 
# span 5 =     258.62,     778.19                 
# span 6 =      5.946,     17.039                 
# span 7 =     265.54,     760.96                 
# span 8 =   -25.0340,    18.2602                 
# span 9 =-4561.66623,  409.95370                 
# span 10 =   534.5839,  4068.5123                
# span 11 = 0.0000e+00, 0.0000e+00                
# interval = seconds: 1800
# start_time = Aug 01 2018 00:00:01 [Instrument's time stamp, first data scan]
# bad_flag = -9.990e-29
*END*
[from data line 5173]
  595708263     9.4697   3.718642     30.889    34.5685     277.16      6.372     284.57     9.4683  278.64581  1026.8441  0.000e+00
  595710063     9.4665   3.718353     31.784    34.5682     277.10      6.370     284.50     9.4652  278.66582  1026.8484  0.000e+00
  595711863     9.4651   3.718249     30.889    34.5689     277.31      6.375     284.72     9.4646  278.67303  1026.8451  0.000e+00
  595713663     9.4648   3.718157     31.439    34.5680     277.37      6.376     284.77     9.4637  278.67667  1026.8469  0.000e+00
  595715463     9.4622   3.717911     31.493    34.5680     277.43      6.378     284.84     9.4611  278.69282  1026.8476  0.000e+00
  595717262     9.4636   3.718003     31.406    34.5676     277.20      6.373     284.60     9.4621  278.68496  1026.8467  0.000e+00
  595719062     9.4677   3.718440     32.204    34.5678     277.57      6.381     284.98     9.4663  278.65954  1026.8498  0.000e+00
  595720863     9.4665   3.718286     31.697    34.5676     277.43      6.378     284.84     9.4648  278.66739  1026.8475  0.000e+00
  595722663     9.4640   3.718052     31.439    34.5677     277.56      6.381     284.97     9.4625  278.68226  1026.8469  0.000e+00
  595724463     9.4634   3.718027     31.105    34.5682     277.45      6.378     284.86     9.4624  278.68491  1026.8458  0.000e+00
  595726263     9.4723   3.718858     32.236    34.5676     277.67      6.383     285.09     9.4705  278.63184  1026.8490  0.000e+00
  595728063     9.4671   3.718440     33.131    34.5679     277.65      6.383     285.06     9.4665  278.66284  1026.8542  0.000e+00
  595729863     9.4667   3.718335     31.008    34.5683     277.64      6.383     285.05     9.4654  278.66500  1026.8449  0.000e+00
  595731663     9.4812   3.719626     31.374    34.5674     277.76      6.386     285.18     9.4783  278.57870  1026.8435  0.000e+00
  595733463     9.4793   3.719552     30.986    34.5686     277.94      6.390     285.36     9.4782  278.58744  1026.8430  0.000e+00
  595735262     9.4701   3.718642     31.288    34.5680     277.72      6.385     285.14     9.4680  278.64471  1026.8454  0.000e+00
  595737062     9.4755   3.719196     31.762    34.5683     277.85      6.388     285.27     9.4740  278.61144  1026.8469  0.000e+00
  595738863     9.4769   3.719404     31.428    34.5693     277.88      6.388     285.31     9.4769  278.60117  1026.8459  0.000e+00
  595740663     9.4800   3.719656     31.148    34.5690     277.90      6.389     285.32     9.4793  278.58274  1026.8439  0.000e+00
  595742463     9.4834   3.719933     31.752    34.5683     278.06      6.392     285.49     9.4817  278.56363  1026.8456  0.000e+00
  595744263     9.4862   3.720173     30.868    34.5685     278.57      6.404     286.01     9.4850  278.54636  1026.8412  0.000e+00
  595746063     9.4846   3.720056     30.986    34.5687     277.93      6.389     285.35     9.4832  278.55525  1026.8422  0.000e+00
  595747863     9.4894   3.720376     31.622    34.5672     278.34      6.399     285.78     9.4865  278.52966  1026.8431  0.000e+00
  595749663     9.4895   3.720505     30.867    34.5687     278.42      6.401     285.86     9.4883  278.52555  1026.8408  0.000e+00
  595751463     9.5064   3.722067     31.483    34.5683     278.66      6.406     286.10     9.5056  278.42436  1026.8405  0.000e+00
  595753262     9.5224   3.723512     31.558    34.5677     278.71      6.407     286.15     9.5217  278.32852  1026.8378  0.000e+00
  595755062     9.5110   3.722189     31.170    34.5653     278.75      6.408     286.20     9.5073  278.40271  1026.8360  0.000e+00
  595756863     9.5393   3.725289     30.868    34.5702     278.78      6.409     286.22     9.5425  278.22168  1026.8337  0.000e+00
  595758663     9.5192   3.723081     31.795    34.5663     279.00      6.414     286.44     9.5165  278.35109  1026.8383  0.000e+00
  595760463     9.5061   3.721778     31.666    34.5655     278.99      6.414     286.43     9.5031  278.43174  1026.8392  0.000e+00
  595762263     9.4732   3.718992     30.738    34.5689     278.93      6.413     286.38     9.4744  278.62423  1026.8431  0.000e+00
  595764063     9.4811   3.719564     30.243    34.5674     278.83      6.410     286.28     9.4805  278.57918  1026.8384  0.000e+00
  595765863     9.4956   3.720800     31.353    34.5656     279.02      6.414     286.47     9.4928  278.49472  1026.8396  0.000e+00
  595767663     9.4854   3.719970     31.558    34.5668     278.73      6.408     286.17     9.4848  278.55439  1026.8432  0.000e+00
  595769463     9.4891   3.720283     31.267    34.5666     278.73      6.408     286.17     9.4882  278.53222  1026.8411  0.000e+00
  595771262     9.5157   3.723297     31.677    34.5719     278.79      6.409     286.23     9.5240  278.36069  1026.8427  0.000e+00
  595773062     9.4805   3.719466     31.644    34.5663     278.71      6.407     286.16     9.4794  278.58496  1026.8439  0.000e+00
  595774863     9.4844   3.719798     32.150    34.5657     278.65      6.406     286.09     9.4828  278.56241  1026.8451  0.000e+00
  595776663     9.4774   3.719036     32.668    34.5643     278.93      6.412     286.37     9.4747  278.60754  1026.8476  0.000e+00
  595778463     9.4556   3.717124     32.032    34.5659     278.47      6.402     285.91     9.4538  278.73677  1026.8496  0.000e+00
  595780263     9.5346   3.724225     32.000    34.5632     278.84      6.410     286.28     9.5291  278.26406  1026.8342  0.000e+00
  595782063     9.5557   3.726532     31.741    34.5668     278.21      6.396     285.64     9.5527  278.12933  1026.8323  0.000e+00
  595783863     9.5630   3.727233     30.653    34.5675     278.32      6.398     285.75     9.5620  278.08401  1026.8267  0.000e+00
  595785662     9.5567   3.726550     30.599    34.5666     278.33      6.399     285.76     9.5543  278.12399  1026.8268  0.000e+00
  595787462     9.5607   3.726999     31.310    34.5670     277.94      6.390     285.36     9.5570  278.09874  1026.8297  0.000e+00
  595789262     9.5214   3.723610     30.933    34.5700     278.20      6.396     285.62     9.5239  278.33005  1026.8369  0.000e+00
  595791062     9.5023   3.721415     31.773    34.5654     278.07      6.393     285.49     9.4994  278.45500  1026.8402  0.000e+00
  595792862     9.5482   3.726027     30.695    34.5693     278.05      6.392     285.47     9.5489  278.16984  1026.8308  0.000e+00
  595794663     9.5407   3.725043     31.526    34.5659     278.00      6.391     285.42     9.5380  278.22152  1026.8332  0.000e+00
  595796463     9.5397   3.724976     31.698    34.5661     277.93      6.389     285.35     9.5372  278.22723  1026.8343  0.000e+00
  595798263     9.5530   3.726292     31.548    34.5670     278.04      6.392     285.46     9.5513  278.14536  1026.8321  0.000e+00
  595800063     9.5493   3.725935     31.461    34.5669     278.22      6.396     285.65     9.5478  278.16781  1026.8322  0.000e+00
  595801863     9.5199   3.723468     30.577    34.5702     278.16      6.395     285.58     9.5238  278.33901  1026.8357  0.000e+00
  595803663     9.5315   3.724213     31.914    34.5661     278.15      6.394     285.58     9.5302  278.27719  1026.8366  0.000e+00
  595805462     9.5024   3.721575     31.925    34.5669     278.55      6.404     285.98     9.5027  278.45158  1026.8421  0.000e+00
  595807262     9.4884   3.720216     31.288    34.5666     278.25      6.397     285.68     9.4883  278.53658  1026.8413  0.000e+00
  595809062     9.4664   3.718126     30.954    34.5664     278.29      6.398     285.72     9.4660  278.67052  1026.8433  0.000e+00
  595810862     9.5113   3.722288     31.342    34.5660     278.44      6.401     285.88     9.5087  278.39961  1026.8372  0.000e+00
  595812663     9.5061   3.721864     31.676    34.5664     278.46      6.402     285.90     9.5036  278.42996  1026.8400  0.000e+00
  595814463     9.5067   3.721790     31.741    34.5650     278.44      6.401     285.88     9.5024  278.42911  1026.8391  0.000e+00
  595816263     9.4714   3.718857     30.921    34.5691     278.51      6.403     285.95     9.4724  278.63453  1026.8444  0.000e+00
  595818063     9.4652   3.718071     31.741    34.5666     278.70      6.407     286.14     9.4634  278.67703  1026.8471  0.000e+00
  595819863     9.4677   3.718372     31.600    34.5673     278.62      6.405     286.06     9.4669  278.66039  1026.8467  0.000e+00
  595821663     9.5061   3.722048     31.547    34.5684     279.14      6.417     286.59     9.5057  278.42602  1026.8409  0.000e+00
  595823463     9.4811   3.719749     31.385    34.5688     279.28      6.420     286.74     9.4812  278.57640  1026.8446  0.000e+00
  595825263     9.4664   3.718298     31.698    34.5678     279.23      6.419     286.69     9.4652  278.66738  1026.8477  0.000e+00
  595827063     9.5218   3.723567     31.913    34.5687     279.09      6.416     286.54     9.5212  278.33014  1026.8402  0.000e+00
  595828862     9.5057   3.721932     32.356    34.5671     279.47      6.425     286.93     9.5031  278.43065  1026.8437  0.000e+00
  595830663     9.4674   3.718341     31.234    34.5675     279.26      6.420     286.72     9.4653  278.66215  1026.8452  0.000e+00
  595832463     9.5192   3.723210     31.429    34.5678     279.69      6.430     287.16     9.5167  278.34783  1026.8377  0.000e+00
  595834263     9.5126   3.722638     31.515    34.5682     279.64      6.429     287.10     9.5110  278.38688  1026.8395  0.000e+00
  595836063     9.5605   3.727325     30.178    34.5711     279.83      6.433     287.30     9.5614  278.09193  1026.8278  0.000e+00
  595837863     9.5589   3.726956     31.310    34.5683     279.74      6.431     287.21     9.5572  278.10721  1026.8310  0.000e+00
  595839663     9.5431   3.725523     31.494    34.5686     279.94      6.436     287.42     9.5419  278.20178  1026.8347  0.000e+00
  595841463     9.5351   3.724846     31.030    34.5695     279.82      6.433     287.29     9.5348  278.24810  1026.8346  0.000e+00
  595843262     9.5378   3.725049     31.429    34.5689     279.74      6.431     287.21     9.5360  278.23352  1026.8355  0.000e+00
  595845062     9.5415   3.725412     31.332    34.5691     279.74      6.431     287.21     9.5399  278.21052  1026.8346  0.000e+00
  595846862     9.5265   3.724188     30.889    34.5712     279.67      6.429     287.13     9.5280  278.29727  1026.8367  0.000e+00
  595848663     9.4935   3.720867     31.116    34.5686     279.58      6.427     287.04     9.4915  278.50213  1026.8412  0.000e+00
  595850463     9.5132   3.722952     30.652    34.5713     279.43      6.424     286.89     9.5119  278.37739  1026.8380  0.000e+00
  595852263     9.5120   3.722755     31.472    34.5700     279.45      6.424     286.91     9.5109  278.38686  1026.8408  0.000e+00
  595854063     9.4632   3.718212     31.245    34.5702     279.34      6.422     286.80     9.4642  278.68193  1026.8481  0.000e+00
  595855863     9.4922   3.720923     31.719    34.5701     279.11      6.416     286.56     9.4908  278.50691  1026.8454  0.000e+00
  595857663     9.4693   3.718710     31.396    34.5694     279.05      6.415     286.50     9.4678  278.64682  1026.8472  0.000e+00
  595859463     9.4732   3.719054     31.849    34.5690     279.06      6.415     286.51     9.4709  278.62398  1026.8482  0.000e+00
  595861263     9.4748   3.719859     30.835    34.5763     278.85      6.411     286.29     9.4813  278.59972  1026.8491  0.000e+00
  595863063     9.5266   3.724207     31.601    34.5709     278.95      6.413     286.40     9.5234  278.29706  1026.8397  0.000e+00
  595864862     9.6281   3.733880     31.008    34.5732     278.38      6.400     285.81     9.6230  277.67995  1026.8219  0.000e+00
  595866662     9.6386   3.734588     31.042    34.5704     278.59      6.404     286.02     9.6357  277.62260  1026.8181  0.000e+00
  595868463     9.5574   3.727129     32.054    34.5711     279.03      6.415     286.48     9.5582  278.11019  1026.8368  0.000e+00
  595870263     9.6380   3.734755     31.182    34.5726     278.39      6.400     285.82     9.6366  277.62175  1026.8206  0.000e+00
  595872063     9.6668   3.737427     31.505    34.5722     278.51      6.403     285.94     9.6648  277.44890  1026.8169  0.000e+00
  595873862     9.6490   3.735660     30.729    34.5716     278.55      6.403     285.98     9.6461  277.55770  1026.8159  0.000e+00
  595875662     9.6253   3.733536     32.044    34.5719     278.71      6.407     286.15     9.6247  277.69974  1026.8261  0.000e+00
  595877462     9.6189   3.732809     31.990    34.5706     278.61      6.405     286.04     9.6172  277.74082  1026.8259  0.000e+00
  595879262     9.6198   3.732544     31.095    34.5674     278.62      6.405     286.05     9.6158  277.74155  1026.8191  0.000e+00
  595881062     9.6068   3.731708     32.303    34.5707     278.62      6.405     286.05     9.6056  277.81322  1026.8294  0.000e+00
  595882862     9.6012   3.731000     32.130    34.5689     278.51      6.403     285.94     9.5985  277.85065  1026.8281  0.000e+00
  595884662     9.6068   3.731535     31.591    34.5693     278.11      6.394     285.54     9.6040  277.81637  1026.8251  0.000e+00
  595886463     9.5557   3.726999     31.214    34.5719     278.25      6.397     285.67     9.5581  278.11942  1026.8339  0.000e+00
  595888263     9.5795   3.729313     30.653    34.5730     278.28      6.397     285.71     9.5825  277.97309  1026.8283  0.000e+00
  595890063     9.6115   3.732175     31.031    34.5716     278.24      6.396     285.67     9.6119  277.78334  1026.8236  0.000e+00
  595891863     9.5023   3.721150     31.644    34.5627     278.34      6.399     285.77     9.4954  278.46036  1026.8375  0.000e+00
  595893663     9.6141   3.732102     32.496    34.5677     278.33      6.398     285.75     9.6097  277.77545  1026.8267  0.000e+00
  595895462     9.6256   3.733388     30.729    34.5707     278.34      6.399     285.77     9.6237  277.70036  1026.8191  0.000e+00
  595897262     9.6043   3.731368     30.955    34.5702     278.66      6.406     286.10     9.6036  277.82924  1026.8233  0.000e+00
  595899062     9.6115   3.732033     31.310    34.5700     278.42      6.401     285.85     9.6094  277.78651  1026.8236  0.000e+00
  595900862     9.6359   3.734305     30.448    34.5703     278.45      6.401     285.88     9.6341  277.63865  1026.8158  0.000e+00
  595902662     9.6344   3.734182     30.524    34.5705     278.64      6.406     286.07     9.6340  277.64761  1026.8165  0.000e+00
  595904463     9.6236   3.733129     31.311    34.5696     278.84      6.410     286.28     9.6226  277.71404  1026.8212  0.000e+00
  595906263     9.6403   3.734755     32.023    34.5700     278.86      6.411     286.30     9.6389  277.61298  1026.8220  0.000e+00
  595908063     9.6392   3.734687     31.257    34.5707     278.88      6.411     286.32     9.6394  277.61807  1026.8192  0.000e+00
  595909863     9.6475   3.735346     31.246    34.5695     278.71      6.407     286.15     9.6453  277.57050  1026.8168  0.000e+00
  595911662     9.6480   3.735481     31.538    34.5703     278.84      6.410     286.28     9.6470  277.56627  1026.8188  0.000e+00
  595913462     9.6509   3.735702     30.136    34.5705     278.80      6.409     286.24     9.6495  277.54844  1026.8120  0.000e+00
  595915262     9.6348   3.734237     30.729    34.5706     279.08      6.416     286.52     9.6344  277.64495  1026.8175  0.000e+00
  595917062     9.6187   3.732760     31.149    34.5706     279.17      6.418     286.62     9.6190  277.74180  1026.8221  0.000e+00
  595918862     9.6142   3.732298     31.451    34.5701     279.23      6.419     286.68     9.6135  277.76994  1026.8238  0.000e+00
  595920662     9.6731   3.737009     32.001    34.5616     279.14      6.417     286.58     9.6609  277.43228  1026.8098  0.000e+00
  595922462     9.6719   3.737403     30.912    34.5674     279.18      6.418     286.63     9.6678  277.42832  1026.8096  0.000e+00
