data/SBE37-2971.cnv
* Sea-Bird SBE37 Data File:
* FileName = \\science1\Voyages\Current\science\SOTS\SAZ-19-2017 data\SBE37-2971\SBE37-2971.asc
* Software Version 1.59
* Temperature SN = 2971
* Conductivity SN = 2971
* System UpLoad Time = Mar 12 2018 04:17:44
** Time error:
** UTC time: 2018-03-11 03:26:27
** SBE37 time: 2018-03-11  03:29:12
# nquan = 4
# nvalues =    51718
# units = metric
# name 0 = t090: temperature, ITS-90 [deg C]
# name 1 = c0S/m: conductivity [S/m]
# name 2 = pr: pressure [db]
# name 3 = flag:  0.000e+00
# span 0 = 1.0001, 23.3391            
# span 1 = 0.00000, 4.29811           
# span 2 = -0.035, 4519.866           
# span 3 = 0.000e+00, 0.000e+00       
# interval = seconds: 600
# start_time = Mar 17 2017 00:00:01
# bad_flag = -9.990e-29
*END*
[from data line 16712]
     1.0730    3.15321   4519.490  0.000e+00
     1.0734    3.15325   4519.490  0.000e+00
     1.0741    3.15326   4519.490  0.000e+00
     1.0746    3.15333   4519.490  0.000e+00
     1.0739    3.15325   4519.490  0.000e+00
     1.0741    3.15326   4519.490  0.000e+00
     1.0736    3.15316   4519.490  0.000e+00
     1.0729    3.15316   4519.615  0.000e+00
     1.0732    3.15324   4519.615  0.000e+00
     1.0739    3.15324   4519.615  0.000e+00
     1.0734    3.15326   4519.615  0.000e+00
     1.0737    3.15325   4519.615  0.000e+00
     1.0740    3.15329   4519.615  0.000e+00
     1.0743    3.15328   4519.615  0.000e+00
     1.0742    3.15329   4519.615  0.000e+00
     1.0741    3.15329   4519.615  0.000e+00
     1.0740    3.15329   4519.615  0.000e+00
     1.0740    3.15328   4519.615  0.000e+00
     1.0739    3.15327   4519.615  0.000e+00
     1.0740    3.15327   4519.615  0.000e+00
     1.0743    3.15327   4519.615  0.000e+00
     1.0743    3.15330   4519.490  0.000e+00
     1.0743    3.15330   4519.490  0.000e+00
     1.0742    3.15328   4519.490  0.000e+00
     1.0742    3.15327   4519.490  0.000e+00
     1.0728    3.15321   4519.490  0.000e+00
     1.0728    3.15319   4519.490  0.000e+00
     1.0735    3.15323   4519.490  0.000e+00
     1.0729    3.15316   4519.490  0.000e+00
     1.0729    3.15314   4519.490  0.000e+00
     1.0722    3.15318   4519.364  0.000e+00
     1.0724    3.15307   4519.364  0.000e+00
     1.0708    3.15299   4519.364  0.000e+00
     1.0711    3.15298   4519.364  0.000e+00
     1.0712    3.15301   4519.364  0.000e+00
     1.0721    3.15309   4519.364  0.000e+00
     1.0715    3.15304   4519.239  0.000e+00
     1.0711    3.15302   4519.239  0.000e+00
     1.0712    3.15301   4519.239  0.000e+00
     1.0716    3.15305   4519.239  0.000e+00
     1.0722    3.15307   4519.239  0.000e+00
     1.0721    3.15310   4519.239  0.000e+00
     1.0720    3.15306   4519.239  0.000e+00
     1.0719    3.15309   4519.239  0.000e+00
     1.0734    3.15316   4519.239  0.000e+00
     1.0724    3.15314   4519.239  0.000e+00
     1.0728    3.15314   4519.239  0.000e+00
     1.0725    3.15313   4519.113  0.000e+00
     1.0715    3.15311   4519.113  0.000e+00
     1.0719    3.15307   4519.113  0.000e+00
     1.0715    3.15307   4519.113  0.000e+00
     1.0717    3.15299   4519.113  0.000e+00
     1.0724    3.15310   4519.113  0.000e+00
     1.0721    3.15311   4519.113  0.000e+00
     1.0726    3.15311   4519.113  0.000e+00
     1.0718    3.15306   4519.113  0.000e+00
     1.0732    3.15311   4519.113  0.000e+00
     1.0726    3.15313   4519.113  0.000e+00
     1.0727    3.15316   4519.113  0.000e+00
     1.0732    3.15318   4519.239  0.000e+00
     1.0739    3.15324   4519.113  0.000e+00
     1.0735    3.15320   4519.239  0.000e+00
     1.0743    3.15325   4519.239  0.000e+00
     1.0748    3.15330   4519.239  0.000e+00
     1.0743    3.15329   4519.239  0.000e+00
     1.0749    3.15330   4519.239  0.000e+00
     1.0760    3.15334   4519.239  0.000e+00
     1.0763    3.15344   4519.239  0.000e+00
     1.0770    3.15351   4519.239  0.000e+00
     1.0759    3.15349   4519.239  0.000e+00
     1.0733    3.15328   4519.239  0.000e+00
     1.0710    3.15286   4519.239  0.000e+00
     1.0704    3.15296   4519.239  0.000e+00
     1.0737    3.15316   4519.239  0.000e+00
     1.0740    3.15327   4519.239  0.000e+00
     1.0739    3.15321   4519.239  0.000e+00
     1.0740    3.15326   4519.364  0.000e+00
     1.0738    3.15326   4519.239  0.000e+00
     1.0735    3.15319   4519.239  0.000e+00
     1.0734    3.15320   4519.364  0.000e+00
     1.0733    3.15326   4519.239  0.000e+00
     1.0726    3.15316   4519.364  0.000e+00
     1.0729    3.15314   4519.364  0.000e+00
     1.0715    3.15307   4519.239  0.000e+00
     1.0735    3.15313   4519.239  0.000e+00
     1.0739    3.15326   4519.239  0.000e+00
     1.0739    3.15327   4519.239  0.000e+00
     1.0716    3.15305   4519.239  0.000e+00
     1.0711    3.15293   4519.239  0.000e+00
     1.0718    3.15304   4519.239  0.000e+00
     1.0705    3.15297   4519.239  0.000e+00
     1.0721    3.15307   4519.239  0.000e+00
     1.0729    3.15317   4519.239  0.000e+00
     1.0715    3.15307   4519.239  0.000e+00
     1.0764    3.15342   4519.113  0.000e+00
     1.0771    3.15352   4519.113  0.000e+00
     1.0752    3.15342   4519.113  0.000e+00
     1.0754    3.15333   4519.113  0.000e+00
     1.0749    3.15335   4519.113  0.000e+00
     1.0746    3.15329   4519.113  0.000e+00
     1.0746    3.15332   4519.113  0.000e+00
     1.0768    3.15347   4518.988  0.000e+00
     1.0775    3.15356   4518.988  0.000e+00
     1.0774    3.15355   4518.988  0.000e+00
     1.0771    3.15355   4518.988  0.000e+00
     1.0765    3.15351   4518.988  0.000e+00
     1.0754    3.15345   4518.988  0.000e+00
     1.0739    3.15342   4518.862  0.000e+00
     1.0755    3.15329   4518.862  0.000e+00
     1.0732    3.15313   4518.862  0.000e+00
     1.0726    3.15312   4518.862  0.000e+00
     1.0702    3.15296   4518.862  0.000e+00
     1.0708    3.15296   4518.862  0.000e+00
     1.0708    3.15295   4518.862  0.000e+00
     1.0702    3.15295   4518.862  0.000e+00
     1.0694    3.15290   4518.862  0.000e+00
     1.0691    3.15283   4518.862  0.000e+00
     1.0695    3.15283   4518.862  0.000e+00
     1.0694    3.15283   4518.862  0.000e+00
     1.0689    3.15282   4518.862  0.000e+00
     1.0686    3.15278   4518.862  0.000e+00
     1.0688    3.15279   4518.862  0.000e+00
     1.0695    3.15282   4518.862  0.000e+00
     1.0696    3.15284   4518.862  0.000e+00
     1.0699    3.15288   4518.862  0.000e+00
     1.0695    3.15289   4518.988  0.000e+00
     1.0702    3.15288   4518.988  0.000e+00
     1.0690    3.15284   4518.988  0.000e+00
     1.0700    3.15286   4518.988  0.000e+00
     1.0682    3.15278   4518.988  0.000e+00
     1.0697    3.15283   4518.988  0.000e+00
     1.0684    3.15276   4518.988  0.000e+00
     1.0685    3.15278   4518.988  0.000e+00
     1.0691    3.15280   4519.113  0.000e+00
     1.0693    3.15282   4519.113  0.000e+00
     1.0689    3.15285   4519.113  0.000e+00
     1.0694    3.15281   4519.113  0.000e+00
     1.0693    3.15283   4519.239  0.000e+00
     1.0691    3.15285   4519.239  0.000e+00
     1.0692    3.15282   4519.239  0.000e+00
     1.0698    3.15287   4519.239  0.000e+00
     1.0694    3.15286   4519.239  0.000e+00
     1.0695    3.15287   4519.239  0.000e+00
     1.0698    3.15289   4519.364  0.000e+00
     1.0691    3.15283   4519.364  0.000e+00
     1.0696    3.15288   4519.364  0.000e+00
     1.0695    3.15289   4519.364  0.000e+00
     1.0695    3.15288   4519.490  0.000e+00
     1.0697    3.15287   4519.364  0.000e+00
     1.0701    3.15291   4519.490  0.000e+00
     1.0697    3.15290   4519.490  0.000e+00
     1.0695    3.15286   4519.490  0.000e+00
     1.0696    3.15288   4519.490  0.000e+00
     1.0702    3.15289   4519.490  0.000e+00
     1.0705    3.15295   4519.490  0.000e+00
     1.0706    3.15296   4519.490  0.000e+00
     1.0706    3.15296   4519.615  0.000e+00
     1.0708    3.15294   4519.615  0.000e+00
     1.0707    3.15297   4519.615  0.000e+00
     1.0709    3.15301   4519.615  0.000e+00
     1.0706    3.15298   4519.615  0.000e+00
     1.0700    3.15291   4519.615  0.000e+00
     1.0703    3.15294   4519.615  0.000e+00
     1.0702    3.15294   4519.615  0.000e+00
     1.0704    3.15294   4519.615  0.000e+00
     1.0706    3.15294   4519.490  0.000e+00
     1.0700    3.15292   4519.490  0.000e+00
     1.0692    3.15287   4519.490  0.000e+00
     1.0696    3.15287   4519.490  0.000e+00
     1.0697    3.15288   4519.490  0.000e+00
     1.0696    3.15287   4519.490  0.000e+00
     1.0695    3.15290   4519.490  0.000e+00
     1.0697    3.15288   4519.490  0.000e+00
     1.0697    3.15287   4519.490  0.000e+00
     1.0701    3.15289   4519.490  0.000e+00
     1.0701    3.15293   4519.364  0.000e+00
     1.0708    3.15296   4519.364  0.000e+00
     1.0709    3.15297   4519.364  0.000e+00
     1.0709    3.15296   4519.364  0.000e+00
     1.0709    3.15299   4519.364  0.000e+00
     1.0708    3.15299   4519.364  0.000e+00
     1.0710    3.15298   4519.239  0.000e+00
     1.0707    3.15301   4519.239  0.000e+00
     1.0708    3.15297   4519.239  0.000e+00
     1.0706    3.15295   4519.239  0.000e+00
     1.0705    3.15294   4519.239  0.000e+00
     1.0701    3.15292   4519.239  0.000e+00
     1.0700    3.15294   4519.239  0.000e+00
     1.0697    3.15291   4519.239  0.000e+00
     1.0681    3.15276   4519.239  0.000e+00
     1.0685    3.15276   4519.113  0.000e+00
     1.0690    3.15280   4519.113  0.000e+00
     1.0691    3.15287   4519.113  0.000e+00
     1.0701    3.15287   4519.113  0.000e+00
     1.0698    3.15289   4519.113  0.000e+00
     1.0710    3.15296   4519.113  0.000e+00
     1.0711    3.15299   4519.113  0.000e+00
     1.0708    3.15298   4519.113  0.000e+00
     1.0712    3.15301   4519.113  0.000e+00
     1.0709    3.15302   4519.113  0.000e+00
     1.0716    3.15303   4519.113  0.000e+00
     1.0716    3.15301   4519.113  0.000e+00
     1.0714    3.15303   4519.113  0.000e+00
     1.0716    3.15302   4519.113  0.000e+00
     1.0717    3.15302   4519.113  0.000e+00
     1.0718    3.15306   4519.113  0.000e+00
     1.0718    3.15307   4519.113  0.000e+00
     1.0722    3.15307   4519.113  0.000e+00
     1.0721    3.15307   4519.113  0.000e+00
     1.0718    3.15311   4519.113  0.000e+00
     1.0723    3.15306   4519.113  0.000e+00
     1.0715    3.15309   4519.113  0.000e+00
     1.0715    3.15302   4519.113  0.000e+00
     1.0707    3.15299   4519.113  0.000e+00
     1.0707    3.15296   4519.113  0.000e+00
     1.0704    3.15294   4519.239  0.000e+00
     1.0706    3.15294   4519.239  0.000e+00
     1.0707    3.15296   4519.239  0.000e+00
     1.0709    3.15299   4519.239  0.000e+00
     1.0710    3.15298   4519.239  0.000e+00
     1.0715    3.15301   4519.239  0.000e+00
     1.0705    3.15301   4519.239  0.000e+00
     1.0704    3.15295   4519.239  0.000e+00
     1.0703    3.15294   4519.239  0.000e+00
     1.0701    3.15290   4519.239  0.000e+00
     1.0707    3.15292   4519.239  0.000e+00
     1.0706    3.15296   4519.239  0.000e+00
     1.0713    3.15296   4519.239  0.000e+00
     1.0721    3.15310   4519.239  0.000e+00
     1.0726    3.15311   4519.239  0.000e+00
     1.0723    3.15313   4519.239  0.000e+00
     1.0721    3.15311   4519.239  0.000e+00
     1.0721    3.15310   4519.364  0.000e+00
     1.0725    3.15313   4519.239  0.000e+00
     1.0724    3.15312   4519.239  0.000e+00
     1.0722    3.15310   4519.239  0.000e+00
     1.0721    3.15310   4519.239  0.000e+00
     1.0704    3.15294   4519.239  0.000e+00
     1.0718    3.15296   4519.239  0.000e+00
     1.0715    3.15304   4519.239  0.000e+00
     1.0716    3.15303   4519.113  0.000e+00
     1.0707    3.15301   4519.113  0.000e+00
     1.0705    3.15295   4519.113  0.000e+00
     1.0706    3.15293   4519.113  0.000e+00
     1.0711    3.15297   4519.113  0.000e+00
     1.0714    3.15302   4519.113  0.000e+00
     1.0719    3.15305   4519.113  0.000e+00
     1.0719    3.15307   4519.113  0.000e+00
     1.0715    3.15305   4519.113  0.000e+00
     1.0719    3.15302   4518.988  0.000e+00
     1.0707    3.15298   4518.988  0.000e+00
     1.0713    3.15298   4518.988  0.000e+00
     1.0710    3.15299   4518.988  0.000e+00
     1.0718    3.15304   4518.988  0.000e+00
     1.0715    3.15302   4518.988  0.000e+00
     1.0705    3.15295   4518.862  0.000e+00
     1.0716    3.15299   4518.988  0.000e+00
     1.0695    3.15283   4518.862  0.000e+00
     1.0693    3.15291   4518.862  0.000e+00
     1.0712    3.15296   4518.862  0.000e+00
     1.0706    3.15295   4518.862  0.000e+00
     1.0703    3.15290   4518.988  0.000e+00
     1.0685    3.15275   4518.862  0.000e+00
     1.0687    3.15276   4518.862  0.000e+00
     1.0689    3.15276   4518.862  0.000e+00
     1.0694    3.15280   4518.862  0.000e+00
     1.0698    3.15287   4518.862  0.000e+00
     1.0702    3.15290   4518.862  0.000e+00
     1.0703    3.15287   4518.862  0.000e+00
     1.0703    3.15291   4518.862  0.000e+00
     1.0705    3.15295   4518.862  0.000e+00
     1.0691    3.15290   4518.862  0.000e+00
     1.0694    3.15287   4518.862  0.000e+00
     1.0694    3.15286   4518.988  0.000e+00
     1.0693    3.15284   4518.988  0.000e+00
     1.0691    3.15283   4518.988  0.000e+00
     1.0692    3.15282   4518.988  0.000e+00
     1.0702    3.15291   4518.988  0.000e+00
     1.0702    3.15292   4518.988  0.000e+00
     1.0706    3.15298   4518.988  0.000e+00
     1.0709    3.15294   4518.988  0.000e+00
     1.0716    3.15303   4518.988  0.000e+00
     1.0722    3.15304   4519.113  0.000e+00
     1.0724    3.15306   4519.113  0.000e+00
     1.0721    3.15309   4519.113  0.000e+00
     1.0726    3.15312   4519.113  0.000e+00
     1.0732    3.15319   4519.113  0.000e+00
     1.0732    3.15318   4519.239  0.000e+00
     1.0734    3.15319   4519.239  0.000e+00
     1.0733    3.15319   4519.239  0.000e+00
     1.0736    3.15321   4519.239  0.000e+00
     1.0730    3.15319   4519.239  0.000e+00
     1.0734    3.15320   4519.364  0.000e+00
     1.0732    3.15317   4519.364  0.000e+00
     1.0730    3.15320   4519.364  0.000e+00
     1.0732    3.15319   4519.364  0.000e+00
     1.0733    3.15321   4519.364  0.000e+00
     1.0734    3.15321   4519.364  0.000e+00
     1.0728    3.15317   4519.364  0.000e+00
     1.0729    3.15317   4519.490  0.000e+00
     1.0726    3.15316   4519.490  0.000e+00
     1.0728    3.15314   4519.490  0.000e+00
     1.0730    3.15316   4519.490  0.000e+00
     1.0733    3.15320   4519.490  0.000e+00
     1.0737    3.15323   4519.490  0.000e+00
     1.0736    3.15326   4519.490  0.000e+00
     1.0740    3.15325   4519.490  0.000e+00
     1.0744    3.15329   4519.490  0.000e+00
     1.0740    3.15327   4519.490  0.000e+00
     1.0747    3.15327   4519.490  0.000e+00
     1.0743    3.15330   4519.490  0.000e+00
     1.0740    3.15328   4519.490  0.000e+00
     1.0734    3.15326   4519.490  0.000e+00
     1.0740    3.15324   4519.490  0.000e+00
     1.0737    3.15325   4519.490  0.000e+00
     1.0743    3.15324   4519.490  0.000e+00
     1.0740    3.15327   4519.490  0.000e+00
     1.0740    3.15325   4519.490  0.000e+00
     1.0737    3.15325   4519.364  0.000e+00
     1.0737    3.15324   4519.364  0.000e+00
     1.0738    3.15324   4519.364  0.000e+00
     1.0743    3.15326   4519.364  0.000e+00
     1.0739    3.15325   4519.364  0.000e+00
     1.0739    3.15325   4519.364  0.000e+00
     1.0738    3.15324   4519.239  0.000e+00
     1.0741    3.15326   4519.239  0.000e+00
     1.0740    3.15327   4519.239  0.000e+00
     1.0736    3.15324   4519.239  0.000e+00
     1.0738    3.15325   4519.239  0.000e+00
     1.0737    3.15324   4519.239  0.000e+00
     1.0742    3.15327   4519.239  0.000e+00
     1.0746    3.15328   4519.239  0.000e+00
     1.0749    3.15330   4519.113  0.000e+00
     1.0752    3.15334   4519.239  0.000e+00
     1.0756    3.15337   4519.113  0.000e+00
     1.0751    3.15335   4519.113  0.000e+00
     1.0748    3.15332   4519.113  0.000e+00
     1.0753    3.15336   4519.113  0.000e+00
     1.0759    3.15341   4519.113  0.000e+00
     1.0757    3.15341   4519.113  0.000e+00
     1.0757    3.15341   4519.113  0.000e+00
     1.0762    3.15344   4519.113  0.000e+00
     1.0760    3.15343   4519.113  0.000e+00
     1.0762    3.15345   4519.113  0.000e+00
     1.0765    3.15345   4519.113  0.000e+00
     1.0762    3.15345   4519.113  0.000e+00
     1.0763    3.15345   4519.113  0.000e+00
     1.0755    3.15336   4518.988  0.000e+00
     1.0764    3.15341   4519.113  0.000e+00
     1.0759    3.15342   4519.113  0.000e+00
     1.0761    3.15344   4519.113  0.000e+00
     1.0761    3.15344   4519.113  0.000e+00
     1.0763    3.15345   4519.113  0.000e+00
     1.0768    3.15347   4519.113  0.000e+00
