data/SBE37SMP-ODO-RS232_03715969_2019_03_27.cnv
* Sea-Bird SBE37SMP-ODO-RS232  Data File:
* FileName = \\science1\Voyages\current\science\SOTS\SOFS-7.5 data\SBE37-15969-30m\SBE37SMP-ODO-RS232_03715969_2019_03_27.hex
* Software version SeatermV2 2.6.3.104
* Temperature SN = 15969
* Conductivity SN = 15969
* System UpLoad Time = Mar 27 2019 23:04:08
* sample interval = 1800 seconds
* <ApplicationData>
# nquan = 12
# nvalues = 11470                                 
# units = specified
# name 0 = timeK: Time, Instrument [seconds]
# name 1 = tv290C: Temperature [ITS-90, deg C]
# name 2 = cond0S/m: Conductivity [S/m]
# name 3 = prdM: Pressure, Strain Gauge [db]
# name 4 = sal00: Salinity, Practical [PSU]
# name 5 = sbeopoxMm/Kg: Oxygen, SBE 63 [umol/kg]
# name 6 = sbeopoxML/L: Oxygen, SBE 63 [ml/l]
# name 7 = sbeopoxMm/L: Oxygen, SBE 63 [umol/l]
# name 8 = sbeoxTC: Oxygen Temperature, SBE 63 [ITS-90, deg C]
# name 9 = oxsolMm/Kg: Oxygen Saturation, Garcia & Gordon [umol/kg]
# name 10 = density00: Density [density, kg/m^3]
# name 11 = flag:  0.000e+00
# span 0 =   84290670, 4261683010                 
# span 1 =   -44.9111,    99.0000                 
# span 2 = -99.000000,  81.119058                 
# span 3 = -48036.641,  49461.847                 
# span 4 =     0.0000,  1999.0000                 
# span 5 =     258.62,     778.19                 
# span 6 =      5.946,     17.039                 
# span 7 =     265.54,     760.96                 
# span 8 =   -25.0340,    18.2602                 
# span 9 =-4561.66623,  409.95370                 
# span 10 =   534.5839,  4068.5123                
# span 11 = 0.0000e+00, 0.0000e+00                
# interval = seconds: 1800
# start_time = Aug 01 2018 00:00:01 [Instrument's time stamp, first data scan]
# bad_flag = -9.990e-29
*END*
[from data line 1685]
  589429864     9.1221   3.687438     31.361    34.5806     267.27      6.145     274.42     9.1237  280.74270  1026.9126  0.000e+00
  589431663     9.2034   3.696479     31.706    34.5958     266.89      6.136     274.04     9.2068  280.21322  1026.9128  0.000e+00
  589433464     9.2560   3.702122     31.124    34.6037     266.18      6.120     273.31     9.2551  279.87514  1026.9078  0.000e+00
  589435264     9.2900   3.706026     31.157    34.6114     266.06      6.117     273.18     9.2873  279.65227  1026.9084  0.000e+00
  589437064     9.2955   3.706296     30.877    34.6090     265.80      6.111     272.92     9.2886  279.62371  1026.9044  0.000e+00
  589438864     9.2664   3.703460     30.197    34.6080     266.00      6.116     273.12     9.2649  279.80308  1026.9053  0.000e+00
  589440664     9.2607   3.702914     32.181    34.6070     266.23      6.121     273.35     9.2581  279.84026  1026.9144  0.000e+00
  589442463     9.2154   3.697417     31.771    34.5938     266.16      6.119     273.29     9.2078  280.14339  1026.9096  0.000e+00
  589444264     9.1820   3.693597     30.553    34.5870     267.04      6.139     274.18     9.1795  280.36171  1026.9042  0.000e+00
  589446064     9.1343   3.688872     31.954    34.5834     267.35      6.147     274.51     9.1394  280.66185  1026.9155  0.000e+00
  589447864     9.0733   3.681547     31.533    34.5663     267.88      6.159     275.05     9.0725  281.07153  1026.9100  0.000e+00
  589449664     9.0910   3.683438     29.905    34.5696     267.59      6.152     274.75     9.0889  280.95568  1026.9024  0.000e+00
  589451464     9.0521   3.677641     30.476    34.5465     268.18      6.165     275.35     9.0365  281.24224  1026.8932  0.000e+00
  589453264     9.0096   3.674264     31.004    34.5523     268.66      6.177     275.85     9.0076  281.49282  1026.9069  0.000e+00
  589455065     8.9995   3.673114     30.928    34.5501     268.66      6.177     275.85     8.9977  281.55978  1026.9065  0.000e+00
  589456865     8.9848   3.671481     31.543    34.5470     269.03      6.185     276.23     8.9837  281.65668  1026.9092  0.000e+00
  589458664     8.9772   3.670575     30.659    34.5453     269.00      6.184     276.20     8.9757  281.70698  1026.9051  0.000e+00
  589460464     8.9785   3.670728     31.359    34.5453     269.06      6.186     276.26     8.9773  281.69904  1026.9081  0.000e+00
  589462264     8.9804   3.670826     30.626    34.5449     268.77      6.179     275.96     8.9777  281.68848  1026.9041  0.000e+00
  589464064     8.9884   3.671768     32.168    34.5462     268.80      6.180     276.00     8.9860  281.63607  1026.9109  0.000e+00
  589465864     8.9846   3.671291     31.575    34.5451     269.17      6.189     276.38     8.9833  281.66148  1026.9079  0.000e+00
  589467664     8.9799   3.670826     30.615    34.5453     268.83      6.181     276.02     8.9785  281.69041  1026.9045  0.000e+00
  589469464     8.9723   3.669872     31.618    34.5422     268.65      6.177     275.84     8.9697  281.74356  1026.9078  0.000e+00
  589471265     8.9680   3.669665     31.661    34.5443     268.61      6.176     275.80     8.9665  281.76626  1026.9103  0.000e+00
  589473065     9.2402   3.700877     31.297    34.6060     267.19      6.143     274.34     9.2442  279.96719  1026.9130  0.000e+00
  589474864     9.2680   3.705971     31.372    34.6321     266.50      6.127     273.63     9.2970  279.74488  1026.9292  0.000e+00
  589476664     9.3781   3.715595     32.225    34.6250     265.98      6.115     273.10     9.3738  279.08874  1026.9094  0.000e+00
  589478463     9.4665   3.725585     31.374    34.6433     265.39      6.101     272.49     9.4638  278.51515  1026.9053  0.000e+00
  589480263     9.4748   3.726631     30.382    34.6466     265.02      6.093     272.12     9.4741  278.45864  1026.9020  0.000e+00
  589482063     9.5069   3.730238     32.485    34.6519     265.14      6.096     272.24     9.5054  278.25366  1026.9103  0.000e+00
  589483862     9.5101   3.730637     30.696    34.6537     264.67      6.085     271.75     9.5088  278.23055  1026.9031  0.000e+00
  589485662     9.5160   3.731166     30.254    34.6537     264.96      6.092     272.05     9.5140  278.19504  1026.9001  0.000e+00
  589487462     9.5205   3.731659     30.620    34.6543     265.27      6.099     272.36     9.5185  278.16690  1026.9015  0.000e+00
  589489263     9.5275   3.732551     30.361    34.6569     265.15      6.096     272.24     9.5264  278.11916  1026.9011  0.000e+00
  589491063     9.5261   3.732434     30.125    34.6571     264.77      6.087     271.86     9.5250  278.12722  1026.9005  0.000e+00
  589492863     9.5366   3.733647     30.534    34.6594     265.02      6.093     272.11     9.5355  278.05958  1026.9024  0.000e+00
  589494663     9.5515   3.735310     30.189    34.6623     264.96      6.092     272.05     9.5507  277.96367  1026.9006  0.000e+00
  589496463     9.5630   3.736628     32.065    34.6639     264.87      6.090     271.96     9.5615  277.89085  1026.9085  0.000e+00
  589498263     9.5668   3.737065     30.707    34.6654     264.92      6.091     272.01     9.5657  277.86496  1026.9028  0.000e+00
  589500062     9.5601   3.736289     30.566    34.6639     264.92      6.091     272.01     9.5588  277.90842  1026.9022  0.000e+00
  589501862     9.5627   3.736505     31.246    34.6633     264.87      6.090     271.96     9.5608  277.89387  1026.9043  0.000e+00
  589503662     9.5661   3.736936     31.117    34.6645     265.00      6.093     272.09     9.5648  277.87094  1026.9041  0.000e+00
  589505462     9.5637   3.736659     31.645    34.6638     265.00      6.092     272.09     9.5622  277.88715  1026.9063  0.000e+00
  589507263     9.5979   3.740441     31.138    34.6700     264.96      6.092     272.05     9.5957  277.66862  1026.9032  0.000e+00
  589509063     9.5926   3.739942     30.987    34.6700     264.93      6.091     272.02     9.5913  277.70023  1026.9034  0.000e+00
  589510863     9.6174   3.742622     29.198    34.6745     265.18      6.097     272.28     9.6161  277.54186  1026.8947  0.000e+00
  589512663     9.6131   3.742296     30.955    34.6745     265.20      6.097     272.30     9.6123  277.56777  1026.9033  0.000e+00
  589514462     9.6146   3.742493     30.772    34.6752     265.11      6.095     272.20     9.6145  277.55744  1026.9028  0.000e+00
  589516262     9.6242   3.743313     31.214    34.6741     265.04      6.093     272.13     9.6223  277.50169  1026.9024  0.000e+00
  589518062     9.6007   3.740743     32.486    34.6698     265.35      6.101     272.45     9.5997  277.65216  1026.9087  0.000e+00
  589519862     9.5704   3.736942     30.577    34.6607     265.66      6.108     272.77     9.5682  277.85300  1026.8980  0.000e+00
  589521662     9.5439   3.733851     31.213    34.6540     266.08      6.117     273.20     9.5426  278.02577  1026.9001  0.000e+00
  589523462     9.5177   3.730711     30.750    34.6472     266.14      6.119     273.26     9.5160  278.19812  1026.8970  0.000e+00
  589525263     9.5078   3.729886     31.127    34.6480     266.10      6.118     273.22     9.5063  278.25602  1026.9010  0.000e+00
  589527063     9.4805   3.726446     30.663    34.6390     266.52      6.127     273.65     9.4794  278.43909  1026.8964  0.000e+00
  589528863     9.4673   3.724773     30.200    34.6347     266.66      6.131     273.80     9.4652  278.52801  1026.8931  0.000e+00
  589530663     9.4710   3.725308     31.105    34.6363     266.83      6.135     273.97     9.4696  278.50238  1026.8978  0.000e+00
  589532463     9.4696   3.725093     31.191    34.6353     266.96      6.138     274.10     9.4677  278.51254  1026.8977  0.000e+00
  589534263     9.4952   3.728022     30.857    34.6410     266.83      6.135     273.97     9.4931  278.34613  1026.8964  0.000e+00
  589536063     9.5251   3.731579     30.383    34.6491     266.37      6.124     273.50     9.5234  278.14932  1026.8956  0.000e+00
  589537862     9.5602   3.735753     30.222    34.6584     265.97      6.115     273.08     9.5587  277.91870  1026.8963  0.000e+00
  589539662     9.5575   3.735378     31.246    34.6567     266.08      6.117     273.20     9.5558  277.93862  1026.9000  0.000e+00
  589541462     9.5412   3.733660     31.838    34.6544     266.18      6.120     273.30     9.5395  278.04151  1026.9037  0.000e+00
  589543262     9.5565   3.735346     27.613    34.6590     265.90      6.113     273.02     9.5553  277.93981  1026.8855  0.000e+00
  589545063     9.5164   3.730649     29.305    34.6485     266.30      6.122     273.43     9.5154  278.20342  1026.8917  0.000e+00
  589546863     9.5343   3.732871     30.459    34.6536     265.95      6.114     273.07     9.5330  278.08483  1026.8979  0.000e+00
  589548663     9.5288   3.732311     29.392    34.6536     265.86      6.112     272.97     9.5276  278.11812  1026.8940  0.000e+00
  589550463     9.5238   3.731905     29.640    34.6541     265.86      6.112     272.98     9.5238  278.14724  1026.8964  0.000e+00
  589552263     9.5321   3.732662     30.858    34.6534     265.67      6.108     272.78     9.5306  278.09856  1026.8999  0.000e+00
  589554063     9.5215   3.731597     30.954    34.6526     265.91      6.113     273.02     9.5211  278.16434  1026.9015  0.000e+00
  589555863     9.5120   3.730403     30.545    34.6496     266.15      6.119     273.27     9.5105  278.22771  1026.8989  0.000e+00
  589557662     9.5297   3.732416     29.962    34.6535     265.62      6.107     272.72     9.5281  278.11258  1026.8964  0.000e+00
  589559462     9.5342   3.733161     31.935    34.6559     265.58      6.106     272.69     9.5334  278.08045  1026.9064  0.000e+00
  589561262     9.5546   3.735440     32.022    34.6598     264.92      6.091     272.01     9.5534  277.95001  1026.9065  0.000e+00
  589563063     9.5554   3.735544     32.119    34.6600     265.23      6.098     272.33     9.5539  277.94452  1026.9069  0.000e+00
  589564863     9.5488   3.734835     30.275    34.6600     264.86      6.089     271.95     9.5474  277.98478  1026.8997  0.000e+00
  589566663     9.5046   3.729689     29.219    34.6500     265.49      6.104     272.59     9.5025  278.27151  1026.8944  0.000e+00
  589568463     9.5047   3.730016     31.030    34.6524     265.51      6.104     272.62     9.5047  278.26617  1026.9045  0.000e+00
  589570263     9.5454   3.734281     30.081    34.6576     265.04      6.093     272.13     9.5434  278.00996  1026.8975  0.000e+00
  589572063     9.5295   3.732490     31.612    34.6538     265.08      6.094     272.17     9.5249  278.11355  1026.9041  0.000e+00
  589573863     9.5385   3.733284     30.889    34.6536     265.20      6.097     272.29     9.5330  278.05963  1026.8992  0.000e+00
  589575662     9.5495   3.734872     29.693    34.6599     264.99      6.092     272.08     9.5479  277.98031  1026.8968  0.000e+00
  589577462     9.5310   3.732989     31.773    34.6574     265.07      6.094     272.16     9.5285  278.09727  1026.9074  0.000e+00
  589579262     9.5441   3.734367     30.006    34.6598     265.11      6.095     272.20     9.5431  278.01322  1026.8991  0.000e+00
  589581063     9.5238   3.732385     30.340    34.6588     264.93      6.091     272.02     9.5233  278.13794  1026.9032  0.000e+00
  589582863     9.5346   3.733308     30.308    34.6579     264.83      6.089     271.92     9.5335  278.07443  1026.9005  0.000e+00
  589584663     9.5235   3.732188     30.361    34.6570     265.08      6.094     272.17     9.5226  278.14302  1026.9019  0.000e+00
  589586463     9.5313   3.733020     32.712    34.6569     265.31      6.100     272.41     9.5294  278.09604  1026.9112  0.000e+00
  589588263     9.5171   3.731382     31.806    34.6542     264.89      6.090     271.98     9.5156  278.18762  1026.9074  0.000e+00
  589590063     9.5192   3.731646     30.221    34.6557     264.92      6.091     272.01     9.5179  278.17215  1026.9010  0.000e+00
  589591863     9.5246   3.732349     31.623    34.6571     265.16      6.096     272.26     9.5226  278.13672  1026.9075  0.000e+00
  589593662     9.5198   3.731776     31.127    34.6560     265.09      6.095     272.19     9.5188  278.16762  1026.9052  0.000e+00
  589595462     9.5215   3.731838     31.860    34.6546     265.30      6.100     272.40     9.5194  278.16020  1026.9072  0.000e+00
  589597262     9.5191   3.731333     32.798    34.6513     264.90      6.090     271.99     9.5160  278.18127  1026.9092  0.000e+00
  589599063     9.5178   3.731235     32.280    34.6517     265.01      6.093     272.10     9.5154  278.18796  1026.9074  0.000e+00
  589600863     9.5152   3.730963     30.760    34.6521     265.00      6.093     272.10     9.5139  278.20289  1026.9013  0.000e+00
  589602663     9.5090   3.729535     30.954    34.6433     265.42      6.102     272.53     9.5019  278.25826  1026.8963  0.000e+00
  589604463     9.4890   3.728016     32.043    34.6464     265.30      6.099     272.40     9.4902  278.37294  1026.9070  0.000e+00
  589606263     9.4548   3.723691     30.911    34.6353     265.64      6.107     272.75     9.4535  278.60260  1026.8988  0.000e+00
  589608063     9.4330   3.721372     30.609    34.6324     265.46      6.103     272.57     9.4329  278.73998  1026.8988  0.000e+00
  589609863     9.4769   3.726311     30.760    34.6411     265.66      6.108     272.77     9.4749  278.45686  1026.8990  0.000e+00
  589611663     9.5310   3.732465     31.515    34.6520     265.77      6.110     272.88     9.5290  278.10763  1026.9020  0.000e+00
  589613462     9.5429   3.733851     31.235    34.6550     265.63      6.107     272.74     9.5414  278.02994  1026.9011  0.000e+00
  589615262     9.5555   3.735298     31.321    34.6578     265.71      6.109     272.82     9.5541  277.94864  1026.9016  0.000e+00
  589617062     9.5523   3.734762     31.052    34.6554     265.78      6.111     272.90     9.5505  277.97239  1026.8990  0.000e+00
  589618863     9.5419   3.733789     30.782    34.6556     265.57      6.106     272.67     9.5406  278.03494  1026.8996  0.000e+00
  589620663     9.5341   3.732786     32.204    34.6521     266.09      6.117     273.21     9.5324  278.08920  1026.9047  0.000e+00
  589622463     9.5262   3.731880     30.092    34.6513     266.03      6.116     273.15     9.5251  278.13817  1026.8958  0.000e+00
  589624263     9.5253   3.731831     30.933    34.6513     265.84      6.112     272.96     9.5240  278.14387  1026.8998  0.000e+00
  589626063     9.5214   3.731320     31.332    34.6497     266.07      6.117     273.19     9.5194  278.17091  1026.9009  0.000e+00
  589627863     9.5178   3.730957     31.396    34.6493     266.17      6.119     273.29     9.5168  278.19312  1026.9016  0.000e+00
  589629663     9.5077   3.729794     30.588    34.6474     266.16      6.119     273.28     9.5066  278.25793  1026.8981  0.000e+00
  589631462     9.5045   3.729437     30.943    34.6466     266.03      6.116     273.15     9.5029  278.27858  1026.8996  0.000e+00
  589633262     9.4785   3.726625     31.299    34.6426     266.09      6.118     273.21     9.4770  278.44450  1026.9024  0.000e+00
  589635062     9.4803   3.726803     30.297    34.6431     265.99      6.115     273.11     9.4790  278.43232  1026.8979  0.000e+00
  589636863     9.3891   3.717536     29.843    34.6355     265.90      6.113     273.02     9.3977  279.00021  1026.9050  0.000e+00
  589638663     9.4290   3.721434     31.104    34.6368     265.54      6.105     272.65     9.4281  278.75597  1026.9052  0.000e+00
  589640463     9.3899   3.717002     31.772    34.6283     265.54      6.105     272.65     9.3889  279.00999  1026.9080  0.000e+00
  589642263     9.3831   3.716178     30.996    34.6268     265.68      6.108     272.79     9.3811  279.05471  1026.9044  0.000e+00
