data/SBE37-2971.cnv
* Sea-Bird SBE37 Data File:
* FileName = \\science1\Voyages\Current\science\SOTS\SAZ-19-2017 data\SBE37-2971\SBE37-2971.asc
* Software Version 1.59
* Temperature SN = 2971
* Conductivity SN = 2971
* System UpLoad Time = Mar 12 2018 04:17:44
** Time error:
** UTC time: 2018-03-11 03:26:27
** SBE37 time: 2018-03-11  03:29:12
# nquan = 4
# nvalues =    51718
# units = metric
# name 0 = t090: temperature, ITS-90 [deg C]
# name 1 = c0S/m: conductivity [S/m]
# name 2 = pr: pressure [db]
# name 3 = flag:  0.000e+00
# span 0 = 1.0001, 23.3391            
# span 1 = 0.00000, 4.29811           
# span 2 = -0.035, 4519.866           
# span 3 = 0.000e+00, 0.000e+00       
# interval = seconds: 600
# start_time = Mar 17 2017 00:00:01
# bad_flag = -9.990e-29
*END*
[from data line 24889]
     1.0726    3.15313   4518.737  0.000e+00
     1.0734    3.15316   4518.737  0.000e+00
     1.0737    3.15318   4518.737  0.000e+00
     1.0726    3.15311   4518.737  0.000e+00
     1.0723    3.15306   4518.737  0.000e+00
     1.0721    3.15308   4518.862  0.000e+00
     1.0729    3.15311   4518.737  0.000e+00
     1.0732    3.15316   4518.862  0.000e+00
     1.0728    3.15316   4518.862  0.000e+00
     1.0731    3.15315   4518.862  0.000e+00
     1.0729    3.15315   4518.862  0.000e+00
     1.0722    3.15314   4518.862  0.000e+00
     1.0728    3.15309   4518.862  0.000e+00
     1.0738    3.15322   4518.862  0.000e+00
     1.0717    3.15306   4518.862  0.000e+00
     1.0718    3.15302   4518.988  0.000e+00
     1.0715    3.15302   4518.988  0.000e+00
     1.0731    3.15321   4518.988  0.000e+00
     1.0718    3.15310   4518.988  0.000e+00
     1.0724    3.15306   4519.113  0.000e+00
     1.0739    3.15320   4519.113  0.000e+00
     1.0748    3.15329   4519.113  0.000e+00
     1.0715    3.15319   4519.113  0.000e+00
     1.0727    3.15306   4519.113  0.000e+00
     1.0741    3.15324   4519.113  0.000e+00
     1.0738    3.15321   4519.113  0.000e+00
     1.0732    3.15320   4519.113  0.000e+00
     1.0727    3.15316   4519.113  0.000e+00
     1.0733    3.15320   4519.113  0.000e+00
     1.0734    3.15322   4519.239  0.000e+00
     1.0735    3.15318   4519.239  0.000e+00
     1.0733    3.15321   4519.239  0.000e+00
     1.0750    3.15330   4519.239  0.000e+00
     1.0744    3.15331   4519.239  0.000e+00
     1.0746    3.15331   4519.239  0.000e+00
     1.0742    3.15328   4519.239  0.000e+00
     1.0737    3.15323   4519.239  0.000e+00
     1.0730    3.15319   4519.239  0.000e+00
     1.0720    3.15311   4519.239  0.000e+00
     1.0723    3.15311   4519.239  0.000e+00
     1.0734    3.15319   4519.239  0.000e+00
     1.0732    3.15319   4519.239  0.000e+00
     1.0742    3.15325   4519.239  0.000e+00
     1.0749    3.15325   4519.239  0.000e+00
     1.0753    3.15334   4519.239  0.000e+00
     1.0758    3.15341   4519.239  0.000e+00
     1.0761    3.15342   4519.239  0.000e+00
     1.0765    3.15348   4519.239  0.000e+00
     1.0765    3.15348   4519.239  0.000e+00
     1.0764    3.15347   4519.239  0.000e+00
     1.0761    3.15346   4519.113  0.000e+00
     1.0761    3.15344   4519.113  0.000e+00
     1.0755    3.15339   4519.113  0.000e+00
     1.0755    3.15339   4519.113  0.000e+00
     1.0755    3.15337   4519.113  0.000e+00
     1.0751    3.15337   4519.113  0.000e+00
     1.0754    3.15335   4519.113  0.000e+00
     1.0750    3.15333   4519.113  0.000e+00
     1.0748    3.15332   4518.988  0.000e+00
     1.0748    3.15326   4518.988  0.000e+00
     1.0755    3.15335   4518.988  0.000e+00
     1.0777    3.15342   4518.988  0.000e+00
     1.0754    3.15340   4518.988  0.000e+00
     1.0764    3.15342   4518.988  0.000e+00
     1.0784    3.15356   4518.988  0.000e+00
     1.0786    3.15367   4518.988  0.000e+00
     1.0814    3.15387   4518.988  0.000e+00
     1.0804    3.15379   4518.988  0.000e+00
     1.0800    3.15375   4518.862  0.000e+00
     1.0786    3.15365   4518.862  0.000e+00
     1.0793    3.15367   4518.862  0.000e+00
     1.0780    3.15363   4518.862  0.000e+00
     1.0782    3.15359   4518.862  0.000e+00
     1.0774    3.15357   4518.988  0.000e+00
     1.0774    3.15355   4518.862  0.000e+00
     1.0771    3.15356   4518.862  0.000e+00
     1.0772    3.15352   4518.862  0.000e+00
     1.0772    3.15352   4518.862  0.000e+00
     1.0770    3.15350   4518.862  0.000e+00
     1.0764    3.15349   4518.862  0.000e+00
     1.0762    3.15350   4518.988  0.000e+00
     1.0765    3.15347   4518.862  0.000e+00
     1.0767    3.15345   4518.988  0.000e+00
     1.0773    3.15349   4518.988  0.000e+00
     1.0781    3.15362   4518.988  0.000e+00
     1.0790    3.15366   4518.988  0.000e+00
     1.0786    3.15363   4518.988  0.000e+00
     1.0783    3.15364   4518.988  0.000e+00
     1.0768    3.15351   4518.988  0.000e+00
     1.0776    3.15351   4518.988  0.000e+00
     1.0767    3.15349   4518.988  0.000e+00
     1.0770    3.15350   4518.988  0.000e+00
     1.0766    3.15345   4518.988  0.000e+00
     1.0767    3.15345   4518.988  0.000e+00
     1.0762    3.15346   4518.988  0.000e+00
     1.0756    3.15340   4518.988  0.000e+00
     1.0768    3.15347   4518.988  0.000e+00
     1.0769    3.15351   4519.113  0.000e+00
     1.0769    3.15351   4519.113  0.000e+00
     1.0765    3.15350   4519.113  0.000e+00
     1.0761    3.15346   4519.113  0.000e+00
     1.0763    3.15344   4519.113  0.000e+00
     1.0769    3.15347   4519.113  0.000e+00
     1.0765    3.15351   4519.113  0.000e+00
     1.0772    3.15351   4519.113  0.000e+00
     1.0766    3.15350   4519.113  0.000e+00
     1.0766    3.15349   4519.113  0.000e+00
     1.0762    3.15344   4519.113  0.000e+00
     1.0767    3.15347   4519.113  0.000e+00
     1.0757    3.15340   4519.113  0.000e+00
     1.0759    3.15342   4519.113  0.000e+00
     1.0759    3.15342   4519.113  0.000e+00
     1.0756    3.15339   4519.113  0.000e+00
     1.0756    3.15337   4519.113  0.000e+00
     1.0750    3.15335   4518.988  0.000e+00
     1.0751    3.15333   4518.988  0.000e+00
     1.0755    3.15337   4519.113  0.000e+00
     1.0753    3.15335   4518.988  0.000e+00
     1.0742    3.15331   4518.988  0.000e+00
     1.0739    3.15322   4518.988  0.000e+00
     1.0735    3.15325   4518.988  0.000e+00
     1.0734    3.15319   4518.988  0.000e+00
     1.0740    3.15323   4518.988  0.000e+00
     1.0735    3.15318   4518.988  0.000e+00
     1.0737    3.15320   4518.988  0.000e+00
     1.0731    3.15313   4518.862  0.000e+00
     1.0723    3.15310   4518.862  0.000e+00
     1.0727    3.15313   4518.862  0.000e+00
     1.0728    3.15316   4518.862  0.000e+00
     1.0729    3.15313   4518.862  0.000e+00
     1.0726    3.15310   4518.862  0.000e+00
     1.0722    3.15307   4518.862  0.000e+00
     1.0708    3.15299   4518.737  0.000e+00
     1.0718    3.15306   4518.737  0.000e+00
     1.0721    3.15304   4518.737  0.000e+00
     1.0717    3.15301   4518.737  0.000e+00
     1.0714    3.15302   4518.737  0.000e+00
     1.0715    3.15305   4518.737  0.000e+00
     1.0716    3.15304   4518.737  0.000e+00
     1.0714    3.15310   4518.737  0.000e+00
     1.0716    3.15301   4518.737  0.000e+00
     1.0716    3.15301   4518.737  0.000e+00
     1.0716    3.15301   4518.737  0.000e+00
     1.0716    3.15301   4518.737  0.000e+00
     1.0716    3.15302   4518.737  0.000e+00
     1.0718    3.15304   4518.737  0.000e+00
     1.0717    3.15303   4518.737  0.000e+00
     1.0718    3.15303   4518.737  0.000e+00
     1.0718    3.15303   4518.737  0.000e+00
     1.0718    3.15304   4518.737  0.000e+00
     1.0717    3.15304   4518.737  0.000e+00
     1.0716    3.15302   4518.737  0.000e+00
     1.0716    3.15301   4518.737  0.000e+00
     1.0715    3.15304   4518.737  0.000e+00
     1.0712    3.15301   4518.862  0.000e+00
     1.0716    3.15302   4518.862  0.000e+00
     1.0716    3.15302   4518.862  0.000e+00
     1.0717    3.15303   4518.862  0.000e+00
     1.0713    3.15302   4518.862  0.000e+00
     1.0716    3.15302   4518.862  0.000e+00
     1.0719    3.15305   4518.862  0.000e+00
     1.0736    3.15319   4518.988  0.000e+00
     1.0729    3.15314   4518.988  0.000e+00
     1.0722    3.15310   4518.988  0.000e+00
     1.0713    3.15304   4518.988  0.000e+00
     1.0710    3.15302   4518.988  0.000e+00
     1.0714    3.15302   4519.113  0.000e+00
     1.0720    3.15306   4519.113  0.000e+00
     1.0716    3.15305   4519.113  0.000e+00
     1.0717    3.15304   4519.113  0.000e+00
     1.0712    3.15301   4519.113  0.000e+00
     1.0715    3.15301   4519.113  0.000e+00
     1.0718    3.15304   4519.113  0.000e+00
     1.0717    3.15306   4519.113  0.000e+00
     1.0715    3.15306   4519.239  0.000e+00
     1.0711    3.15303   4519.239  0.000e+00
     1.0717    3.15305   4519.239  0.000e+00
     1.0722    3.15309   4519.239  0.000e+00
     1.0724    3.15310   4519.239  0.000e+00
     1.0718    3.15305   4519.239  0.000e+00
     1.0717    3.15305   4519.239  0.000e+00
     1.0715    3.15302   4519.239  0.000e+00
     1.0711    3.15302   4519.239  0.000e+00
     1.0711    3.15301   4519.239  0.000e+00
     1.0710    3.15298   4519.239  0.000e+00
     1.0708    3.15298   4519.239  0.000e+00
     1.0711    3.15298   4519.239  0.000e+00
     1.0712    3.15300   4519.239  0.000e+00
     1.0712    3.15302   4519.239  0.000e+00
     1.0713    3.15302   4519.239  0.000e+00
     1.0713    3.15302   4519.239  0.000e+00
     1.0718    3.15305   4519.239  0.000e+00
     1.0721    3.15307   4519.239  0.000e+00
     1.0723    3.15313   4519.239  0.000e+00
     1.0726    3.15313   4519.239  0.000e+00
     1.0729    3.15314   4519.113  0.000e+00
     1.0728    3.15313   4519.113  0.000e+00
     1.0728    3.15316   4519.113  0.000e+00
     1.0730    3.15316   4519.113  0.000e+00
     1.0733    3.15318   4519.113  0.000e+00
     1.0735    3.15323   4519.113  0.000e+00
     1.0740    3.15325   4519.113  0.000e+00
     1.0739    3.15325   4518.988  0.000e+00
     1.0748    3.15328   4518.988  0.000e+00
     1.0748    3.15332   4518.988  0.000e+00
     1.0740    3.15327   4518.988  0.000e+00
     1.0748    3.15330   4518.988  0.000e+00
     1.0742    3.15331   4518.988  0.000e+00
     1.0755    3.15338   4518.988  0.000e+00
     1.0746    3.15335   4518.988  0.000e+00
     1.0755    3.15335   4518.988  0.000e+00
     1.0754    3.15339   4518.988  0.000e+00
     1.0751    3.15335   4518.862  0.000e+00
     1.0750    3.15340   4518.862  0.000e+00
     1.0752    3.15334   4518.862  0.000e+00
     1.0756    3.15343   4518.862  0.000e+00
     1.0750    3.15333   4518.862  0.000e+00
     1.0765    3.15344   4518.862  0.000e+00
     1.0761    3.15346   4518.862  0.000e+00
     1.0750    3.15339   4518.862  0.000e+00
     1.0762    3.15342   4518.862  0.000e+00
     1.0759    3.15343   4518.862  0.000e+00
     1.0767    3.15347   4518.862  0.000e+00
     1.0760    3.15344   4518.862  0.000e+00
     1.0761    3.15343   4518.862  0.000e+00
     1.0760    3.15348   4518.862  0.000e+00
     1.0764    3.15345   4518.862  0.000e+00
     1.0769    3.15346   4518.862  0.000e+00
     1.0762    3.15347   4518.862  0.000e+00
     1.0757    3.15339   4518.988  0.000e+00
     1.0758    3.15340   4518.988  0.000e+00
     1.0754    3.15336   4518.988  0.000e+00
     1.0764    3.15342   4518.988  0.000e+00
     1.0762    3.15343   4518.988  0.000e+00
     1.0764    3.15349   4518.988  0.000e+00
     1.0769    3.15351   4518.988  0.000e+00
     1.0771    3.15354   4518.988  0.000e+00
     1.0775    3.15356   4518.988  0.000e+00
     1.0781    3.15358   4518.988  0.000e+00
     1.0775    3.15357   4518.988  0.000e+00
     1.0770    3.15352   4518.988  0.000e+00
     1.0766    3.15349   4519.113  0.000e+00
     1.0767    3.15349   4519.113  0.000e+00
     1.0768    3.15348   4519.113  0.000e+00
     1.0771    3.15351   4519.113  0.000e+00
     1.0770    3.15350   4519.113  0.000e+00
     1.0773    3.15354   4519.113  0.000e+00
     1.0768    3.15350   4519.113  0.000e+00
     1.0769    3.15351   4519.113  0.000e+00
     1.0773    3.15354   4519.113  0.000e+00
     1.0771    3.15352   4519.113  0.000e+00
     1.0775    3.15355   4519.113  0.000e+00
     1.0776    3.15357   4519.113  0.000e+00
     1.0776    3.15357   4519.113  0.000e+00
     1.0776    3.15355   4519.113  0.000e+00
     1.0772    3.15352   4519.113  0.000e+00
     1.0776    3.15355   4519.113  0.000e+00
     1.0771    3.15354   4519.113  0.000e+00
     1.0764    3.15350   4519.113  0.000e+00
     1.0761    3.15352   4519.113  0.000e+00
     1.0764    3.15349   4519.113  0.000e+00
     1.0767    3.15346   4519.113  0.000e+00
     1.0766    3.15348   4519.113  0.000e+00
     1.0771    3.15351   4519.113  0.000e+00
     1.0766    3.15347   4519.113  0.000e+00
     1.0763    3.15345   4519.113  0.000e+00
     1.0764    3.15348   4518.988  0.000e+00
     1.0761    3.15348   4518.988  0.000e+00
     1.0777    3.15354   4518.988  0.000e+00
     1.0776    3.15357   4518.988  0.000e+00
     1.0771    3.15354   4518.988  0.000e+00
     1.0773    3.15359   4518.988  0.000e+00
     1.0768    3.15351   4518.988  0.000e+00
     1.0775    3.15356   4518.988  0.000e+00
     1.0771    3.15352   4518.862  0.000e+00
     1.0786    3.15363   4518.862  0.000e+00
     1.0779    3.15359   4518.862  0.000e+00
     1.0775    3.15356   4518.862  0.000e+00
     1.0776    3.15353   4518.862  0.000e+00
     1.0775    3.15359   4518.862  0.000e+00
     1.0780    3.15362   4518.862  0.000e+00
     1.0788    3.15372   4518.737  0.000e+00
     1.0770    3.15358   4518.737  0.000e+00
     1.0772    3.15356   4518.737  0.000e+00
     1.0775    3.15355   4518.737  0.000e+00
     1.0772    3.15351   4518.737  0.000e+00
     1.0773    3.15352   4518.737  0.000e+00
     1.0756    3.15340   4518.737  0.000e+00
     1.0751    3.15339   4518.737  0.000e+00
     1.0743    3.15327   4518.737  0.000e+00
     1.0742    3.15324   4518.737  0.000e+00
     1.0743    3.15326   4518.737  0.000e+00
     1.0739    3.15323   4518.737  0.000e+00
     1.0740    3.15326   4518.737  0.000e+00
     1.0739    3.15325   4518.737  0.000e+00
     1.0746    3.15327   4518.737  0.000e+00
     1.0757    3.15335   4518.737  0.000e+00
     1.0755    3.15336   4518.737  0.000e+00
     1.0764    3.15349   4518.737  0.000e+00
     1.0756    3.15342   4518.862  0.000e+00
     1.0752    3.15333   4518.737  0.000e+00
     1.0774    3.15348   4518.862  0.000e+00
     1.0770    3.15352   4518.862  0.000e+00
     1.0768    3.15349   4518.862  0.000e+00
     1.0779    3.15356   4518.862  0.000e+00
     1.0757    3.15341   4518.862  0.000e+00
     1.0759    3.15339   4518.862  0.000e+00
     1.0750    3.15336   4518.988  0.000e+00
     1.0748    3.15334   4518.862  0.000e+00
     1.0748    3.15337   4518.988  0.000e+00
     1.0782    3.15355   4518.988  0.000e+00
     1.0774    3.15347   4518.988  0.000e+00
     1.0758    3.15340   4518.988  0.000e+00
     1.0765    3.15346   4519.113  0.000e+00
     1.0751    3.15335   4519.113  0.000e+00
     1.0755    3.15339   4519.113  0.000e+00
     1.0746    3.15333   4519.113  0.000e+00
     1.0756    3.15338   4519.113  0.000e+00
     1.0754    3.15337   4519.113  0.000e+00
     1.0749    3.15335   4519.113  0.000e+00
     1.0751    3.15332   4519.113  0.000e+00
     1.0747    3.15332   4519.239  0.000e+00
     1.0754    3.15338   4519.239  0.000e+00
     1.0762    3.15341   4519.239  0.000e+00
     1.0753    3.15337   4519.239  0.000e+00
     1.0761    3.15342   4519.239  0.000e+00
     1.0770    3.15347   4519.239  0.000e+00
     1.0774    3.15351   4519.239  0.000e+00
     1.0771    3.15351   4519.239  0.000e+00
     1.0790    3.15364   4519.239  0.000e+00
     1.0799    3.15373   4519.239  0.000e+00
     1.0786    3.15370   4519.239  0.000e+00
     1.0788    3.15366   4519.239  0.000e+00
     1.0777    3.15366   4519.239  0.000e+00
     1.0767    3.15358   4519.239  0.000e+00
     1.0768    3.15341   4519.239  0.000e+00
     1.0769    3.15348   4519.239  0.000e+00
     1.0772    3.15351   4519.239  0.000e+00
     1.0778    3.15352   4519.239  0.000e+00
     1.0774    3.15357   4519.239  0.000e+00
     1.0765    3.15350   4519.113  0.000e+00
     1.0771    3.15350   4519.113  0.000e+00
     1.0770    3.15352   4519.113  0.000e+00
     1.0763    3.15351   4519.113  0.000e+00
     1.0763    3.15347   4519.113  0.000e+00
     1.0760    3.15342   4519.113  0.000e+00
     1.0760    3.15342   4518.988  0.000e+00
     1.0766    3.15344   4518.988  0.000e+00
     1.0765    3.15348   4518.988  0.000e+00
     1.0771    3.15347   4518.988  0.000e+00
     1.0786    3.15357   4518.988  0.000e+00
     1.0769    3.15348   4518.988  0.000e+00
     1.0820    3.15394   4518.988  0.000e+00
     1.0809    3.15390   4518.862  0.000e+00
     1.0778    3.15367   4518.862  0.000e+00
