data/SBE37SMP-ODO-RS232_03715969_2019_03_27.cnv
* Sea-Bird SBE37SMP-ODO-RS232  Data File:
* FileName = \\science1\Voyages\current\science\SOTS\SOFS-7.5 data\SBE37-15969-30m\SBE37SMP-ODO-RS232_03715969_2019_03_27.hex
* Software version SeatermV2 2.6.3.104
* Temperature SN = 15969
* Conductivity SN = 15969
* System UpLoad Time = Mar 27 2019 23:04:08
* sample interval = 1800 seconds
* <ApplicationData>
# nquan = 12
# nvalues = 11470                                 
# units = specified
# name 0 = timeK: Time, Instrument [seconds]
# name 1 = tv290C: Temperature [ITS-90, deg C]
# name 2 = cond0S/m: Conductivity [S/m]
# name 3 = prdM: Pressure, Strain Gauge [db]
# name 4 = sal00: Salinity, Practical [PSU]
# name 5 = sbeopoxMm/Kg: Oxygen, SBE 63 [umol/kg]
# name 6 = sbeopoxML/L: Oxygen, SBE 63 [ml/l]
# name 7 = sbeopoxMm/L: Oxygen, SBE 63 [umol/l]
# name 8 = sbeoxTC: Oxygen Temperature, SBE 63 [ITS-90, deg C]
# name 9 = oxsolMm/Kg: Oxygen Saturation, Garcia & Gordon [umol/kg]
# name 10 = density00: Density [density, kg/m^3]
# name 11 = flag:  0.000e+00
# span 0 =   84290670, 4261683010                 
# span 1 =   -44.9111,    99.0000                 
# span 2 = -99.000000,  81.119058                 
# span 3 = -48036.641,  49461.847                 
# span 4 =     0.0000,  1999.0000                 
# span 5 =     258.62,     778.19                 
# span 6 =      5.946,     17.039                 
# span 7 =     265.54,     760.96                 
# span 8 =   -25.0340,    18.2602                 
# span 9 =-4561.66623,  409.95370                 
# span 10 =   534.5839,  4068.5123                
# span 11 = 0.0000e+00, 0.0000e+00                
# interval = seconds: 1800
# start_time = Aug 01 2018 00:00:01 [Instrument's time stamp, first data scan]
# bad_flag = -9.990e-29
*END*
[from data line 9985]
  604369859    10.8787   3.848172     30.439    34.5423     268.50      6.171     275.60    10.8772  270.39565  1026.5782  0.000e+00
  604371659    10.8842   3.848677     31.398    34.5418     268.78      6.177     275.88    10.8826  270.36540  1026.5811  0.000e+00
  604373459    10.8885   3.849163     31.506    34.5426     268.73      6.176     275.83    10.8873  270.33950  1026.5815  0.000e+00
  604375258    10.9035   3.850671     30.471    34.5439     269.04      6.183     276.15    10.9050  270.25076  1026.5751  0.000e+00
  604377058    10.8946   3.849692     30.752    34.5424     269.04      6.183     276.15    10.8947  270.30459  1026.5768  0.000e+00
  604378858    10.9175   3.851824     30.957    34.5421     269.65      6.197     276.77    10.9173  270.17438  1026.5734  0.000e+00
  604380658    10.9310   3.853047     32.089    34.5410     269.98      6.205     277.11    10.9289  270.09897  1026.5752  0.000e+00
  604382458    10.9348   3.853396     31.895    34.5410     270.32      6.213     277.47    10.9337  270.07720  1026.5736  0.000e+00
  604384259    10.9300   3.852872     32.369    34.5401     270.20      6.210     277.35    10.9283  270.10654  1026.5759  0.000e+00
  604386059    10.9454   3.854362     31.237    34.5410     270.22      6.211     277.36    10.9435  270.01686  1026.5687  0.000e+00
  604387859    10.8952   3.849331     31.075    34.5381     270.01      6.206     277.15    10.8954  270.30959  1026.5748  0.000e+00
  604389659    10.9348   3.853396     31.043    34.5414     270.44      6.216     277.59    10.9351  270.07648  1026.5701  0.000e+00
  604391458    10.9430   3.854132     31.604    34.5408     270.39      6.214     277.53    10.9415  270.03079  1026.5706  0.000e+00
  604393258    10.9345   3.853271     32.099    34.5400     270.55      6.218     277.70    10.9328  270.08101  1026.5738  0.000e+00
  604395058    10.9412   3.854106     30.827    34.5425     270.46      6.216     277.61    10.9403  270.03756  1026.5688  0.000e+00
  604396858    10.8398   3.844645     31.107    34.5434     269.65      6.198     276.78    10.8438  270.61657  1026.5890  0.000e+00
  604398658    10.7997   3.840223     31.031    34.5370     269.28      6.189     276.40    10.7991  270.85946  1026.5909  0.000e+00
  604400458    10.7891   3.838735     31.710    34.5318     269.73      6.199     276.87    10.7878  270.93026  1026.5918  0.000e+00
  604402258    10.7239   3.833221     31.117    34.5384     269.13      6.186     276.25    10.7338  271.29322  1026.6059  0.000e+00
  604404059    10.6068   3.820791     31.741    34.5239     269.22      6.188     276.35    10.6061  271.99783  1026.6182  0.000e+00
  604405860    10.5663   3.816461     31.805    34.5186     270.53      6.218     277.69    10.5656  272.24300  1026.6216  0.000e+00
  604407660    10.5420   3.813697     31.643    34.5138     270.89      6.226     278.07    10.5403  272.39303  1026.6213  0.000e+00
  604409460    10.5534   3.814896     31.740    34.5150     270.94      6.227     278.11    10.5536  272.32459  1026.6208  0.000e+00
  604411260    10.7036   3.829321     32.022    34.5180     271.08      6.230     278.25    10.7024  271.44987  1026.5977  0.000e+00
  604413059    10.8190   3.840223     31.732    34.5185     270.96      6.228     278.13    10.8118  270.78443  1026.5762  0.000e+00
  604414859    10.7730   3.836563     31.106    34.5255     270.61      6.220     277.76    10.7760  271.03531  1026.5871  0.000e+00
  604416659    10.7404   3.833333     31.148    34.5238     269.94      6.204     277.08    10.7351  271.22591  1026.5918  0.000e+00
  604418459    11.0294   3.862972     31.012    34.5479     269.89      6.203     277.02    11.0262  269.52428  1026.5579  0.000e+00
  604420258    11.0160   3.861411     31.712    34.5446     270.03      6.206     277.17    11.0133  269.60690  1026.5610  0.000e+00
  604422058    11.0559   3.865843     31.260    34.5514     269.69      6.198     276.81    11.0542  269.36648  1026.5570  0.000e+00
  604423858    11.0536   3.865937     30.527    34.5549     269.68      6.198     276.81    11.0527  269.37327  1026.5568  0.000e+00
  604425658    11.0609   3.866730     31.346    34.5556     269.38      6.191     276.50    11.0584  269.33049  1026.5597  0.000e+00
  604427458    11.0548   3.866231     31.777    34.5562     269.29      6.189     276.41    11.0534  269.36400  1026.5632  0.000e+00
  604429258    11.0301   3.863864     30.667    34.5563     269.39      6.191     276.51    11.0312  269.50418  1026.5627  0.000e+00
  604431058    11.0503   3.865844     32.133    34.5564     269.13      6.185     276.24    11.0488  269.38909  1026.5657  0.000e+00
  604432858    11.0432   3.864988     31.260    34.5550     269.15      6.186     276.26    11.0419  269.43252  1026.5620  0.000e+00
  604434658    11.0319   3.863939     31.583    34.5549     269.06      6.184     276.17    11.0302  269.49657  1026.5655  0.000e+00
  604436458    11.0413   3.864988     32.424    34.5562     269.00      6.182     276.11    11.0399  269.44071  1026.5685  0.000e+00
  604438258    11.0284   3.863383     30.634    34.5531     268.88      6.180     275.98    11.0258  269.52006  1026.5605  0.000e+00
  604440058    10.7886   3.838081     30.913    34.5261     269.72      6.199     276.86    10.7923  270.94422  1026.5838  0.000e+00
  604441859    11.0211   3.862985     32.132    34.5553     268.92      6.181     276.03    11.0185  269.55728  1026.5702  0.000e+00
  604443658    10.7692   3.835984     31.431    34.5232     270.25      6.211     277.39    10.7766  271.06168  1026.5874  0.000e+00
  604445459    10.7580   3.835212     31.452    34.5260     269.63      6.197     276.76    10.7587  271.12079  1026.5917  0.000e+00
  604447259    10.7590   3.837148     30.654    34.5448     264.77      6.086     271.78    10.7654  271.07859  1026.6026  0.000e+00
  604449059    10.9844   3.859047     32.121    34.5507     268.76      6.177     275.86    10.9815  269.77575  1026.5732  0.000e+00
  604450858    10.7992   3.843088     30.794    34.5663     265.90      6.112     272.94    10.8318  270.80553  1026.6127  0.000e+00
  604452659    10.9235   3.853882     30.451    34.5572     268.61      6.174     275.71    10.9347  270.11080  1026.5818  0.000e+00
  604454458    10.9877   3.859221     30.666    34.5499     268.83      6.178     275.93    10.9843  269.75825  1026.5655  0.000e+00
  604456258    10.9678   3.857344     31.550    34.5495     269.18      6.187     276.30    10.9672  269.87249  1026.5727  0.000e+00
  604458058    10.9566   3.855791     31.959    34.5443     269.43      6.192     276.55    10.9547  269.94610  1026.5726  0.000e+00
  604459859    10.9368   3.853096     30.720    34.5367     269.91      6.203     277.04    10.9354  270.07426  1026.5646  0.000e+00
  604461659    10.9295   3.852061     30.569    34.5333     270.53      6.218     277.68    10.9279  270.12258  1026.5626  0.000e+00
  604463459    10.9222   3.851413     31.356    34.5334     270.81      6.224     277.97    10.9217  270.16427  1026.5675  0.000e+00
  604465259    10.9283   3.852155     31.550    34.5349     270.89      6.226     278.05    10.9285  270.12633  1026.5685  0.000e+00
  604467059    10.9448   3.853682     31.172    34.5348     270.76      6.223     277.91    10.9415  270.03210  1026.5637  0.000e+00
  604468858    10.9802   3.857480     29.771    34.5400     270.46      6.216     277.60    10.9768  269.81993  1026.5551  0.000e+00
  604470658    10.9832   3.858011     32.024    34.5415     270.73      6.222     277.88    10.9808  269.79999  1026.5658  0.000e+00
  604472458    11.0067   3.860306     28.489    34.5438     270.86      6.225     278.01    11.0037  269.66135  1026.5474  0.000e+00
  604474258    10.9783   3.857444     32.293    34.5403     270.77      6.223     277.92    10.9735  269.83023  1026.5670  0.000e+00
  604476058    11.0218   3.862235     31.399    34.5476     270.80      6.224     277.95    11.0190  269.56851  1026.5608  0.000e+00
  604477858    11.0316   3.863415     31.809    34.5499     270.55      6.218     277.70    11.0297  269.50803  1026.5627  0.000e+00
  604479658    11.0260   3.863047     31.260    34.5518     270.52      6.217     277.67    11.0243  269.53647  1026.5627  0.000e+00
  604481458    11.0326   3.863808     31.551    34.5530     270.27      6.212     277.42    11.0309  269.49632  1026.5637  0.000e+00
  604483258    11.0297   3.863627     32.272    34.5536     270.37      6.214     277.52    11.0288  269.51157  1026.5679  0.000e+00
  604485058    11.0264   3.863296     29.966    34.5544     270.27      6.212     277.41    11.0256  269.52887  1026.5588  0.000e+00
  604486858    11.0152   3.862242     31.658    34.5537     270.29      6.212     277.43    11.0147  269.59395  1026.5679  0.000e+00
  604488658    11.0235   3.863097     31.669    34.5544     270.11      6.208     277.25    11.0219  269.54555  1026.5670  0.000e+00
  604490458    11.0161   3.862404     30.807    34.5549     270.10      6.208     277.23    11.0150  269.58689  1026.5648  0.000e+00
  604492258    11.0035   3.861149     31.248    34.5540     269.95      6.204     277.09    11.0011  269.66021  1026.5684  0.000e+00
  604494058    11.0108   3.861929     30.925    34.5551     269.87      6.203     277.00    11.0086  269.61669  1026.5665  0.000e+00
  604495858    11.0108   3.862004     31.497    34.5555     269.97      6.205     277.11    11.0096  269.61549  1026.5694  0.000e+00
  604497658    11.0044   3.861305     30.484    34.5551     270.10      6.208     277.24    11.0031  269.65310  1026.5656  0.000e+00
  604499459    10.9902   3.859839     30.386    34.5538     269.90      6.203     277.04    10.9903  269.73624  1026.5668  0.000e+00
  604501259    10.9964   3.860488     30.483    34.5544     270.04      6.206     277.18    10.9950  269.69980  1026.5666  0.000e+00
  604503058    10.9988   3.860569     30.806    34.5529     269.60      6.196     276.72    10.9964  269.68933  1026.5664  0.000e+00
  604504858    10.9914   3.859964     31.141    34.5537     269.81      6.201     276.94    10.9903  269.73002  1026.5698  0.000e+00
  604506658    10.9883   3.859652     31.022    34.5535     269.69      6.198     276.82    10.9869  269.74782  1026.5697  0.000e+00
  604508458    10.9809   3.858760     31.065    34.5516     269.71      6.199     276.84    10.9781  269.79401  1026.5698  0.000e+00
  604510258    10.9796   3.858716     30.687    34.5525     269.67      6.198     276.80    10.9780  269.79925  1026.5690  0.000e+00
  604512058    10.9735   3.858198     31.345    34.5528     269.41      6.192     276.53    10.9727  269.83357  1026.5733  0.000e+00
  604513858    10.9707   3.857767     30.752    34.5514     269.36      6.191     276.48    10.9695  269.85250  1026.5701  0.000e+00
  604515658    10.9694   3.857630     30.375    34.5514     269.31      6.190     276.42    10.9678  269.85978  1026.5686  0.000e+00
  604517459    10.9619   3.856863     31.377    34.5503     269.68      6.198     276.80    10.9606  269.90440  1026.5737  0.000e+00
  604519259    10.9584   3.856470     31.572    34.5497     269.68      6.198     276.81    10.9568  269.92601  1026.5747  0.000e+00
  604521059    10.9493   3.855472     31.076    34.5485     269.59      6.196     276.72    10.9475  269.98025  1026.5732  0.000e+00
  604522859    10.9294   3.853545     31.431    34.5479     269.43      6.192     276.55    10.9277  270.09528  1026.5779  0.000e+00
  604524658    10.9092   3.851506     30.687    34.5468     269.16      6.186     276.28    10.9074  270.21253  1026.5773  0.000e+00
  604526458    10.8791   3.848515     31.236    34.5451     268.65      6.175     275.75    10.8764  270.38848  1026.5839  0.000e+00
  604528258    10.8277   3.843593     31.473    34.5442     268.06      6.161     275.15    10.8276  270.68483  1026.5935  0.000e+00
  604530059    10.7338   3.834970     31.020    34.5466     268.05      6.161     275.14    10.7442  271.22027  1026.6101  0.000e+00
  604531859    10.6641   3.826330     32.399    34.5251     269.22      6.188     276.35    10.6606  271.66400  1026.6120  0.000e+00
  604533659    10.6319   3.823065     30.900    34.5234     270.11      6.208     277.26    10.6307  271.85365  1026.6096  0.000e+00
  604535459    10.6594   3.826410     31.644    34.5307     270.16      6.209     277.31    10.6610  271.68034  1026.6138  0.000e+00
  604537260    10.7006   3.830850     30.641    34.5368     270.05      6.207     277.20    10.6993  271.43054  1026.6067  0.000e+00
  604539059    10.7380   3.834609     31.451    34.5388     270.29      6.212     277.44    10.7306  271.21081  1026.6052  0.000e+00
  604540859    10.7283   3.833974     30.987    34.5418     270.49      6.217     277.65    10.7269  271.26114  1026.6072  0.000e+00
  604542659    10.6966   3.830633     31.073    34.5382     270.84      6.225     278.01    10.6962  271.45100  1026.6105  0.000e+00
  604544459    10.6820   3.828836     32.130    34.5335     270.67      6.221     277.83    10.6791  271.54436  1026.6141  0.000e+00
  604546259    10.6468   3.825328     31.407    34.5318     270.79      6.224     277.96    10.6447  271.75075  1026.6158  0.000e+00
  604548059    10.6104   3.821375     30.619    34.5268     270.85      6.225     278.02    10.6094  271.97109  1026.6148  0.000e+00
  604549859    10.6083   3.821071     31.212    34.5255     270.99      6.228     278.16    10.6074  271.98597  1026.6168  0.000e+00
  604551659    10.6143   3.821443     31.406    34.5235     270.98      6.228     278.16    10.6122  271.95533  1026.6151  0.000e+00
  604553459    10.6191   3.821965     30.577    34.5246     271.13      6.232     278.30    10.6185  271.92536  1026.6114  0.000e+00
  604555260    10.6210   3.822208     32.484    34.5244     271.24      6.234     278.42    10.6200  271.91459  1026.6194  0.000e+00
  604557060    10.6203   3.821997     32.085    34.5231     271.26      6.235     278.44    10.6178  271.92135  1026.6168  0.000e+00
  604558860    10.6242   3.822506     31.849    34.5246     271.78      6.247     278.98    10.6230  271.89559  1026.6162  0.000e+00
  604560660    10.6259   3.822767     31.072    34.5260     271.39      6.238     278.58    10.6245  271.88314  1026.6135  0.000e+00
  604562459    10.6462   3.824452     31.256    34.5236     271.67      6.244     278.86    10.6442  271.77020  1026.6089  0.000e+00
  604564259    10.6409   3.824290     30.846    34.5272     271.67      6.244     278.86    10.6397  271.79380  1026.6107  0.000e+00
  604566059    10.6521   3.825757     30.695    34.5314     271.85      6.248     279.04    10.6569  271.72097  1026.6114  0.000e+00
  604567859    10.6647   3.826442     32.399    34.5257     271.84      6.248     279.03    10.6613  271.65959  1026.6123  0.000e+00
  604569659    10.6678   3.826814     31.957    34.5267     271.79      6.247     278.98    10.6654  271.63955  1026.6105  0.000e+00
  604571459    10.6986   3.829638     31.472    34.5261     271.77      6.246     278.96    10.6958  271.46279  1026.6025  0.000e+00
  604573259    10.6756   3.827629     31.364    34.5278     271.80      6.247     278.99    10.6743  271.59246  1026.6073  0.000e+00
  604575059    10.7132   3.831211     31.181    34.5282     271.61      6.243     278.80    10.7112  271.37421  1026.6002  0.000e+00
  604576859    10.6621   3.826137     32.054    34.5252     271.87      6.249     279.07    10.6611  271.67538  1026.6109  0.000e+00
  604578659    10.6561   3.825471     31.299    34.5246     271.79      6.247     278.98    10.6544  271.71148  1026.6080  0.000e+00
  604580459    10.6494   3.825981     30.135    34.5365     271.55      6.241     278.74    10.6597  271.72677  1026.6133  0.000e+00
  604582259    10.6788   3.827473     31.094    34.5233     271.38      6.237     278.56    10.6736  271.58263  1026.6021  0.000e+00
  604584059    10.6720   3.827505     31.762    34.5297     271.33      6.236     278.52    10.6738  271.60934  1026.6113  0.000e+00
