data/SBE37-1777-1000m.asc
* Sea-Bird SBE37 Data File:
* FileName = I:\science\SOTS\SAZ-20_Data\SBE37-1777-1000m\SBE37-1777-1000m.asc
* Software Version 1.59
* Temperature SN = 1777
* Conductivity SN = 1777
* System UpLoad Time = Mar 24 2019 23:34:24
** SAZ20-2018
** 1000m
** 
*END*
[from data line 31429]
  6.8553, 3.49536,  773.202
  6.8438, 3.49521,  773.202
  6.8187, 3.49260,  773.265
  6.7778, 3.48911,  773.265
  6.7747, 3.48805,  773.202
  6.7785, 3.48830,  773.202
  6.7814, 3.48866,  773.202
  6.7772, 3.48887,  773.202
  6.8261, 3.49315,  773.140
  6.8160, 3.49285,  773.140
  6.8222, 3.49420,  773.140
  6.7908, 3.48953,  773.140
  6.8006, 3.49015,  773.140
  6.7949, 3.49008,  773.140
  6.8051, 3.49000,  773.140
  6.8100, 3.49158,  773.140
  6.7964, 3.49116,  773.140
  6.8401, 3.49279,  773.140
  6.8604, 3.49593,  773.077
  6.8459, 3.49513,  773.140
  6.8329, 3.49430,  773.077
  6.8500, 3.49377,  773.077
  6.8247, 3.49340,  773.077
  6.7883, 3.48937,  773.077
  6.8135, 3.49161,  773.077
  6.8323, 3.49276,  773.077
  6.8431, 3.49396,  773.077
  6.8513, 3.49514,  773.077
  6.8493, 3.49511,  773.077
  6.8701, 3.49606,  773.077
  6.8942, 3.49792,  773.077
  6.9100, 3.50088,  773.077
  6.9234, 3.50160,  773.077
  6.9297, 3.50244,  773.077
  6.9381, 3.50312,  773.014
  6.9343, 3.50321,  773.077
  6.9276, 3.50289,  773.014
  6.9196, 3.50178,  773.014
  6.9272, 3.50225,  773.014
  6.9187, 3.50155,  773.014
  6.9232, 3.50168,  773.014
  6.9212, 3.50190,  773.014
  6.9124, 3.50122,  773.014
  6.9071, 3.50049,  773.014
  6.9110, 3.50083,  773.014
  6.9330, 3.50171,  773.014
  6.9388, 3.50321,  773.014
  6.9410, 3.50347,  773.014
  6.9431, 3.50376,  773.014
  6.9452, 3.50395,  773.014
  6.9488, 3.50430,  773.014
  6.9438, 3.50456,  773.014
  6.9222, 3.50228,  773.014
  6.9076, 3.50075,  773.014
  6.8941, 3.49961,  773.014
  6.8907, 3.49897,  773.014
  6.9031, 3.49980,  773.014
  6.9354, 3.50327,  773.014
  6.9151, 3.50116,  773.014
  6.8842, 3.49867,  773.014
  6.8814, 3.49782,  773.014
  6.8937, 3.49889,  773.014
  6.8702, 3.49711,  773.077
  6.8694, 3.49691,  773.077
  6.8640, 3.49658,  773.077
  6.8699, 3.49708,  773.014
  6.8503, 3.49588,  773.014
  6.8495, 3.49485,  773.014
  6.8524, 3.49534,  773.014
  6.8520, 3.49507,  773.014
  6.8459, 3.49495,  773.014
  6.8460, 3.49456,  773.014
  6.8449, 3.49458,  773.014
  6.8316, 3.49406,  773.014
  6.8173, 3.49165,  772.952
  6.8246, 3.49250,  772.952
  6.8398, 3.49378,  772.952
  6.8458, 3.49476,  772.952
  6.8142, 3.49413,  772.952
  6.7947, 3.48979,  772.952
  6.8298, 3.49174,  772.952
  6.8150, 3.49160,  772.952
  6.8283, 3.49217,  772.952
  6.8548, 3.49524,  772.952
  6.8560, 3.49581,  772.952
  6.8597, 3.49597,  772.952
  6.8635, 3.49648,  772.952
  6.8606, 3.49636,  772.889
  6.8434, 3.49578,  772.952
  6.7967, 3.49243,  772.952
  6.8225, 3.49144,  772.889
  6.8401, 3.49364,  772.952
  6.7937, 3.49226,  772.952
  6.7996, 3.49086,  772.952
  6.7881, 3.49042,  772.952
  6.7755, 3.48863,  772.952
  6.8200, 3.48984,  772.952
  6.8516, 3.49483,  772.952
  6.7987, 3.49343,  773.014
  6.7750, 3.48907,  773.014
  6.7747, 3.48791,  773.014
  6.8356, 3.49187,  773.014
  6.8695, 3.49574,  773.014
  6.9276, 3.50131,  773.014
  6.8785, 3.50113,  773.077
  6.8277, 3.49502,  773.077
  6.8398, 3.49325,  773.077
  6.9171, 3.50026,  773.077
  6.9225, 3.50228,  773.077
  6.9210, 3.50268,  773.077
  6.9146, 3.50223,  773.077
  6.9081, 3.50190,  773.140
  6.9124, 3.50103,  773.140
  6.9305, 3.50366,  773.140
  6.9280, 3.50310,  773.140
  6.9500, 3.50479,  773.140
  6.9515, 3.50544,  773.140
  6.9498, 3.50521,  773.140
  6.9441, 3.50492,  773.140
  6.9332, 3.50413,  773.140
  6.9412, 3.50379,  773.202
  6.9330, 3.50402,  773.202
  6.9241, 3.50189,  773.140
  6.9233, 3.50291,  773.140
  6.9195, 3.50248,  773.140
  6.9081, 3.50115,  773.140
  6.8850, 3.49931,  773.140
  6.9386, 3.50139,  773.140
  6.9868, 3.50779,  773.140
  6.9827, 3.50830,  773.140
  6.9650, 3.50733,  773.140
  6.9643, 3.50608,  773.202
  6.9583, 3.50578,  773.202
  6.9229, 3.50386,  773.202
  6.9044, 3.50272,  773.202
  6.8451, 3.49483,  773.265
  6.8883, 3.49795,  773.265
  6.8683, 3.49803,  773.265
  6.8259, 3.49337,  773.265
  6.8213, 3.49280,  773.327
  6.8003, 3.49010,  773.327
  6.8712, 3.49629,  773.390
  6.8779, 3.49888,  773.390
  6.8836, 3.49889,  773.390
  6.8955, 3.49995,  773.390
  6.8984, 3.50133,  773.390
  6.8998, 3.50125,  773.390
  6.8626, 3.49747,  773.390
  6.8607, 3.49640,  773.390
  6.8592, 3.49647,  773.390
  6.8475, 3.49537,  773.390
  6.8811, 3.49612,  773.327
  6.8242, 3.49421,  773.327
  6.8090, 3.49236,  773.265
  6.8595, 3.49578,  773.265
  6.9149, 3.50062,  773.202
  6.9715, 3.50923,  773.202
  6.9330, 3.50719,  773.140
  6.8598, 3.49880,  773.140
  6.9815, 3.50346,  773.077
  6.9928, 3.51067,  773.077
  6.9861, 3.51006,  773.014
  6.9842, 3.51050,  773.014
  6.9521, 3.50786,  773.014
  6.9613, 3.50721,  772.952
  6.9989, 3.51025,  772.952
  7.0152, 3.51247,  772.952
  7.0236, 3.51404,  772.952
  7.0024, 3.51265,  772.952
  7.0346, 3.51377,  772.952
  7.0225, 3.51388,  772.952
  7.0347, 3.51467,  773.014
  7.0450, 3.51577,  773.014
  7.0468, 3.51609,  773.014
  7.0528, 3.51656,  773.014
  7.0591, 3.51718,  773.014
  7.0280, 3.51583,  773.014
  6.9898, 3.51216,  773.014
  6.9770, 3.50961,  773.077
  6.9990, 3.51053,  773.014
  7.0161, 3.51326,  773.077
  6.9802, 3.51123,  773.077
  6.9801, 3.50966,  773.077
  7.0052, 3.51195,  773.077
  7.0034, 3.51218,  773.077
  6.9481, 3.50787,  773.077
  6.9915, 3.50952,  773.077
  7.0316, 3.51391,  773.077
  7.0375, 3.51541,  773.077
  7.0207, 3.51415,  773.077
  7.0006, 3.51195,  773.077
  6.9634, 3.50976,  773.077
  6.9197, 3.50382,  773.077
  6.9273, 3.50304,  773.077
  6.9994, 3.51027,  773.077
  6.9413, 3.50685,  773.077
  6.8811, 3.50285,  773.077
  6.8702, 3.49880,  773.077
  6.8903, 3.50044,  773.014
  6.9729, 3.50842,  773.014
  6.8682, 3.49976,  773.014
  6.8476, 3.49672,  773.014
  6.8770, 3.49976,  773.014
  6.9119, 3.50136,  773.014
  6.9063, 3.50254,  773.014
  6.8839, 3.50001,  772.952
  6.8979, 3.50066,  772.952
  6.9020, 3.50335,  772.952
  6.9214, 3.50296,  772.952
  6.9471, 3.50466,  772.952
  6.9617, 3.50673,  772.952
  6.9102, 3.50505,  773.014
  6.9777, 3.50631,  772.952
  6.9853, 3.50988,  773.014
  7.0110, 3.51264,  773.014
  7.0161, 3.51341,  773.014
  7.0230, 3.51350,  773.014
  7.0166, 3.51342,  773.077
  7.0485, 3.51574,  773.077
  7.0478, 3.51703,  773.077
  7.0576, 3.51719,  773.014
  7.0647, 3.51828,  773.014
  6.9993, 3.51244,  773.014
  6.9820, 3.51012,  773.077
  6.9695, 3.50877,  773.077
  6.9531, 3.50735,  773.077
  7.0001, 3.50981,  773.077
  6.9902, 3.51196,  773.077
  6.9529, 3.50795,  773.077
  6.9635, 3.50780,  773.077
  7.0023, 3.51111,  773.077
  7.0186, 3.51314,  773.077
  7.0049, 3.51271,  773.077
  6.9743, 3.51071,  773.014
  6.9532, 3.50807,  773.014
  6.9723, 3.50818,  773.014
  7.0004, 3.51117,  773.014
  6.9935, 3.51163,  773.014
  6.9731, 3.50995,  773.014
  6.9428, 3.50766,  773.014
  6.9348, 3.50598,  773.014
  6.9373, 3.50557,  773.014
  6.9567, 3.50745,  773.014
  6.9562, 3.50770,  773.014
  6.9423, 3.50655,  773.014
  6.9616, 3.50719,  773.077
  7.0561, 3.51572,  773.077
  7.0776, 3.51890,  773.077
  7.0526, 3.51749,  773.077
  7.0117, 3.51474,  773.140
  6.9752, 3.50983,  773.140
  6.9714, 3.50939,  773.140
  6.9626, 3.50860,  773.202
  6.9527, 3.50725,  773.202
  6.9634, 3.50780,  773.202
  7.0312, 3.51124,  773.265
  7.0723, 3.51822,  773.265
  7.0614, 3.51793,  773.265
  7.0464, 3.51675,  773.265
  7.0425, 3.51597,  773.265
  6.9629, 3.51049,  773.265
  6.9569, 3.50807,  773.265
  7.0455, 3.51381,  773.265
  7.0528, 3.51650,  773.265
  7.0518, 3.51670,  773.265
  7.0768, 3.51817,  773.265
  7.0851, 3.51974,  773.265
  7.0495, 3.51712,  773.265
  6.9785, 3.50960,  773.265
  7.0241, 3.51339,  773.202
  7.0523, 3.51643,  773.202
  7.0341, 3.51601,  773.202
  7.0204, 3.51223,  773.202
  7.0494, 3.51614,  773.140
  7.0491, 3.51612,  773.140
  7.0374, 3.51620,  773.140
  6.9980, 3.51276,  773.077
  6.9625, 3.50846,  773.077
  6.9560, 3.50782,  773.014
  6.9000, 3.50194,  773.014
  6.9127, 3.50245,  773.014
  6.9413, 3.50584,  773.014
  6.9366, 3.50638,  772.952
  6.9237, 3.50433,  772.952
  6.8668, 3.50039,  772.952
  6.8809, 3.49995,  772.952
  6.8781, 3.50022,  772.952
  6.8685, 3.49936,  772.889
  6.8651, 3.49874,  772.889
  6.8581, 3.49822,  772.889
  6.8659, 3.49802,  772.826
  6.8971, 3.50050,  772.826
  6.9011, 3.50191,  772.826
  6.9062, 3.50235,  772.826
  6.9113, 3.50268,  772.826
  6.9396, 3.50408,  772.826
  6.9414, 3.50602,  772.826
  6.9422, 3.50581,  772.826
  6.9398, 3.50620,  772.826
  6.9411, 3.50592,  772.826
  6.9745, 3.50848,  772.826
  6.9696, 3.50793,  772.826
  6.9808, 3.50994,  772.826
  6.9911, 3.51047,  772.826
  7.0030, 3.51177,  772.826
  7.0455, 3.51469,  772.826
  7.0738, 3.51738,  772.889
  7.0784, 3.51956,  772.889
  7.0905, 3.51946,  772.889
  7.0912, 3.52095,  772.889
  7.0351, 3.51762,  772.952
  6.9878, 3.51114,  772.952
  7.0235, 3.51349,  772.952
  7.0455, 3.51499,  773.014
  7.0335, 3.51565,  773.077
  6.9671, 3.51151,  773.077
  6.9345, 3.50714,  773.140
  6.9521, 3.50687,  773.202
  6.9745, 3.50919,  773.202
  6.9421, 3.50822,  773.265
  6.9320, 3.50568,  773.327
  6.9472, 3.50603,  773.327
  6.9776, 3.50895,  773.327
  7.0179, 3.51111,  773.390
  7.0494, 3.51621,  773.390
  7.0003, 3.51280,  773.453
  6.9874, 3.51134,  773.515
  6.9787, 3.50993,  773.515
  6.9935, 3.51076,  773.578
  7.0204, 3.51244,  773.578
  7.0374, 3.51503,  773.641
  7.0141, 3.51321,  773.641
  7.0007, 3.51229,  773.703
  6.9964, 3.51177,  773.703
  6.9789, 3.50974,  773.703
  6.9600, 3.50874,  773.703
  6.9862, 3.50942,  773.641
  6.9794, 3.50998,  773.641
  6.9399, 3.50684,  773.641
  6.9399, 3.50590,  773.641
  6.9591, 3.50711,  773.578
  7.0220, 3.51322,  773.515
  7.0347, 3.51446,  773.515
  6.9877, 3.51166,  773.515
  6.9776, 3.50989,  773.453
  6.9784, 3.51012,  773.453
  6.9753, 3.50931,  773.390
  6.9756, 3.50924,  773.390
  6.9729, 3.50937,  773.390
  6.9630, 3.50810,  773.327
  6.9730, 3.50830,  773.327
  7.0075, 3.51250,  773.327
  7.0140, 3.51326,  773.265
  6.9959, 3.51238,  773.202
  6.9234, 3.50567,  773.202
  6.9214, 3.50465,  773.202
  6.9247, 3.50487,  773.140
  6.9154, 3.50385,  773.140
  7.0112, 3.50992,  773.077
  7.0294, 3.51407,  773.077
  7.0182, 3.51389,  773.014
  7.0195, 3.51366,  773.014
  7.0225, 3.51405,  773.014
  7.0191, 3.51366,  772.952
  7.0052, 3.51294,  772.952
  6.9772, 3.51103,  772.952
  6.9467, 3.50793,  772.952
  6.9474, 3.50711,  772.889
  6.9502, 3.50716,  772.889
  6.9481, 3.50692,  772.889
  6.9832, 3.50892,  772.889
  6.9970, 3.51093,  772.889
  7.0012, 3.51201,  772.826
  7.0000, 3.51204,  772.826
  6.9959, 3.51164,  772.826
  6.9658, 3.50983,  772.826
  6.9485, 3.50707,  772.826
  6.9311, 3.50537,  772.826
  6.9374, 3.50594,  772.826
  6.9290, 3.50542,  772.826
  6.9363, 3.50536,  772.889
  6.9951, 3.50948,  772.889
  7.0107, 3.51250,  772.889
  6.9661, 3.50932,  772.952
  6.9542, 3.50748,  772.952
  6.9242, 3.50570,  773.014
  6.9178, 3.50424,  773.014
  6.9216, 3.50424,  773.077
  6.9340, 3.50499,  773.077
  6.9889, 3.50835,  773.077
  7.0071, 3.51167,  773.140
  6.9959, 3.51156,  773.202
  6.9431, 3.50760,  773.202
  6.9269, 3.50494,  773.265
  6.9236, 3.50479,  773.327
  6.8961, 3.50335,  773.327
  6.8543, 3.49862,  773.390
  6.9209, 3.50198,  773.453
  6.9257, 3.50452,  773.515
  6.9219, 3.50450,  773.578
  6.8786, 3.49976,  773.641
  6.9196, 3.50321,  773.641
  6.9173, 3.50380,  773.703
  6.9106, 3.50359,  773.703
  6.9179, 3.50353,  773.703
  6.9244, 3.50388,  773.703
  6.9510, 3.50692,  773.703
  6.9398, 3.50582,  773.703
  6.9618, 3.50724,  773.703
  7.0069, 3.51187,  773.766
  7.0189, 3.51347,  773.766
  7.0286, 3.51393,  773.766
  7.0406, 3.51561,  773.766
  7.0529, 3.51683,  773.766
  7.0573, 3.51695,  773.766
  7.0689, 3.51828,  773.703
  7.0902, 3.51962,  773.703
  7.1013, 3.52158,  773.641
  7.0874, 3.52090,  773.578
  7.0667, 3.51813,  773.578
  7.0929, 3.51940,  773.515
  7.1140, 3.52281,  773.453
  7.1031, 3.52218,  773.453
  7.0707, 3.51936,  773.390
  7.0681, 3.51854,  773.390
  7.0620, 3.51813,  773.327
  7.0465, 3.51751,  773.327
  7.0623, 3.51708,  773.265
  7.0973, 3.52027,  773.202
  7.0886, 3.52056,  773.202
  7.0790, 3.52059,  773.140
  7.0457, 3.51729,  773.140
  7.0458, 3.51682,  773.077
  7.0503, 3.51703,  773.077
  7.0569, 3.51747,  773.077
  7.0553, 3.51740,  773.077
  7.0772, 3.51866,  773.077
  7.0831, 3.52012,  773.014
  7.0631, 3.51862,  773.014
  7.0471, 3.51679,  772.952
  7.0211, 3.51496,  772.952
  7.0085, 3.51277,  772.952
  7.0164, 3.51329,  772.889
  7.0481, 3.51591,  772.889
  7.0488, 3.51696,  772.889
  7.0242, 3.51503,  772.889
  7.0027, 3.51308,  772.889
  6.9681, 3.50998,  772.889
  6.9573, 3.50948,  772.889
  6.9443, 3.50723,  772.889
  6.9560, 3.50803,  772.889
  6.9399, 3.50736,  772.889
  6.9173, 3.50465,  772.889
  6.9529, 3.50667,  772.952
  6.9755, 3.50910,  772.952
  6.9883, 3.51058,  772.952
  6.9964, 3.51179,  773.014
  6.9615, 3.50945,  773.077
  6.9545, 3.50816,  773.077
  6.9449, 3.50667,  773.140
  6.9568, 3.50773,  773.202
  6.9604, 3.50852,  773.202
  6.9855, 3.50996,  773.265
  6.9978, 3.51166,  773.327
  6.9960, 3.51228,  773.390
  6.9828, 3.51090,  773.453
  6.9712, 3.50949,  773.515
  6.9909, 3.51088,  773.515
  7.0109, 3.51177,  773.578
  7.0219, 3.51365,  773.703
  7.0152, 3.51362,  773.766
  6.9983, 3.51219,  773.766
  7.0100, 3.51224,  773.829
  7.0273, 3.51411,  773.829
  7.0368, 3.51500,  773.891
  7.0396, 3.51566,  773.891
  7.0435, 3.51597,  773.954
  7.0611, 3.51753,  774.016
  7.0717, 3.51875,  774.016
  7.0700, 3.51878,  774.016
  7.0739, 3.51906,  774.079
  7.0829, 3.51975,  774.079
  7.0787, 3.51972,  774.079
  7.0756, 3.51949,  774.016
  7.0754, 3.51938,  774.016
  7.0755, 3.51932,  773.954
  7.0793, 3.51962,  773.954
  7.0822, 3.51995,  774.016
  7.0793, 3.51965,  773.954
  7.0625, 3.51877,  773.954
  7.0376, 3.51652,  773.954
  7.0289, 3.51551,  773.954
  6.9953, 3.51286,  773.891
  6.9677, 3.51016,  773.891
  7.0037, 3.51126,  773.829
  6.9966, 3.51216,  773.766
  6.9895, 3.51152,  773.703
  7.0006, 3.51181,  773.641
  7.0145, 3.51307,  773.578
  7.0568, 3.51550,  773.515
  7.0521, 3.51607,  773.515
  7.0537, 3.51701,  773.453
  7.0339, 3.51482,  773.390
  7.0319, 3.51565,  773.327
  7.0380, 3.51546,  773.327
  7.0327, 3.51514,  773.265
  7.0297, 3.51491,  773.265
  7.0285, 3.51458,  773.265
  6.9854, 3.51129,  773.265
  6.9636, 3.50848,  773.202
  7.0063, 3.51061,  773.140
  7.0327, 3.51434,  773.140
  7.0566, 3.51689,  773.140
  7.0431, 3.51638,  773.140
  7.0214, 3.51455,  773.140
  6.9999, 3.51211,  773.140
  6.9633, 3.50914,  773.140
  6.9796, 3.51031,  773.077
  6.9911, 3.51076,  773.077
  7.0027, 3.51216,  773.014
  6.9091, 3.50578,  773.014
  6.8594, 3.49857,  773.014
  6.9793, 3.50469,  773.014
  7.0032, 3.51176,  773.014
  7.0353, 3.51482,  773.014
  7.0258, 3.51473,  773.014
  6.9980, 3.51214,  773.014
  7.0149, 3.51212,  772.952
  7.0121, 3.51310,  773.014
  7.0089, 3.51274,  773.014
  6.9790, 3.51110,  773.014
  6.9553, 3.50890,  773.014
  6.9327, 3.50489,  773.014
  6.9308, 3.50529,  773.077
  6.9471, 3.50506,  773.077
  6.9520, 3.50799,  773.140
  6.9539, 3.50737,  773.202
  6.9174, 3.50480,  773.202
  6.9305, 3.50418,  773.265
  6.9479, 3.50735,  773.327
  6.9228, 3.50469,  773.453
  6.9239, 3.50452,  773.515
  6.9276, 3.50482,  773.515
  6.9491, 3.50606,  773.578
  6.9315, 3.50528,  773.578
  6.8926, 3.50341,  773.641
  6.9168, 3.50286,  773.641
  6.9904, 3.50927,  773.641
  6.9910, 3.51134,  773.703
  6.9386, 3.50892,  773.703
  6.8929, 3.50307,  773.766
  6.8972, 3.50211,  773.766
  6.9073, 3.50246,  773.766
  6.9433, 3.50452,  773.766
  6.9715, 3.50821,  773.829
  6.9832, 3.50926,  773.829
  6.9719, 3.51002,  773.829
  6.9496, 3.50762,  773.829
  6.9572, 3.50735,  773.891
  7.0087, 3.51091,  773.891
  7.0213, 3.51325,  773.891
  7.0181, 3.51369,  773.891
  7.0098, 3.51269,  773.829
  7.0383, 3.51459,  773.766
  7.0944, 3.51856,  773.766
  7.1204, 3.52325,  773.703
  7.1105, 3.52277,  773.641
  7.0987, 3.52160,  773.641
  7.0869, 3.52057,  773.578
  7.0574, 3.51777,  773.578
